GFJPDDAG_04351	ASV000276	100.000	372	0	0	541	912	1	372	0.0	688
GFJPDDAG_04351	ASV001564	99.731	372	1	0	541	912	1	372	0.0	682
GFJPDDAG_04351	ASV000928	99.731	372	1	0	541	912	1	372	0.0	682
GFJPDDAG_04351	ASV001682	99.194	372	3	0	541	912	1	372	0.0	671
GFJPDDAG_04351	ASV004970	98.118	372	7	0	541	912	1	372	0.0	649
GFJPDDAG_04351	ASV003827	95.968	372	15	0	541	912	1	372	6.91e-173	604
GFJPDDAG_04351	ASV001503	95.968	372	15	0	540	911	372	1	6.91e-173	604
GFJPDDAG_04351	ASV000003	95.968	372	15	0	541	912	1	372	6.91e-173	604
GFJPDDAG_04351	ASV004943	95.699	372	16	0	541	912	1	372	3.21e-171	599
GFJPDDAG_04351	ASV001903	95.699	372	16	0	541	912	1	372	3.21e-171	599
GFJPDDAG_04351	ASV007959	95.664	369	16	0	541	909	1	369	1.50e-169	593
GFJPDDAG_04351	ASV005016	95.161	372	18	0	541	912	1	372	6.96e-168	588
GFJPDDAG_04351	ASV011104	95.148	371	18	0	541	911	1	371	2.50e-167	586
GFJPDDAG_04351	ASV008385	95.380	368	17	0	541	908	1	368	2.50e-167	586
GFJPDDAG_04351	ASV000200	95.380	368	17	0	541	908	1	368	2.50e-167	586
GFJPDDAG_04351	ASV010045	95.122	369	18	0	541	909	1	369	3.24e-166	582
GFJPDDAG_04351	ASV002764	94.837	368	19	0	541	908	1	368	5.42e-164	575
GFJPDDAG_04351	ASV001814	94.837	368	19	0	541	908	1	368	5.42e-164	575
GFJPDDAG_04351	ASV001337	94.837	368	19	0	541	908	1	368	5.42e-164	575
GFJPDDAG_04351	ASV002566	94.837	368	18	1	545	912	6	372	1.95e-163	573
GFJPDDAG_04351	ASV002685	94.580	369	20	0	541	909	1	369	7.01e-163	571
GFJPDDAG_04351	ASV002580	94.355	372	21	0	541	912	1	372	7.01e-163	571
GFJPDDAG_04351	ASV001732	94.565	368	20	0	541	908	1	368	2.52e-162	569
GFJPDDAG_04351	ASV016366	94.795	365	18	1	545	909	6	369	9.07e-162	568
GFJPDDAG_04351	ASV001685	94.565	368	19	1	545	912	6	372	9.07e-162	568
GFJPDDAG_04351	ASV000518	94.565	368	19	1	545	912	6	372	9.07e-162	568
GFJPDDAG_04351	ASV016659	95.014	361	16	2	541	900	1	360	3.26e-161	566
GFJPDDAG_04351	ASV006954	94.309	369	21	0	541	909	1	369	3.26e-161	566
GFJPDDAG_04351	ASV004600	94.324	370	16	3	545	912	6	372	4.22e-160	562
GFJPDDAG_04351	ASV013914	94.505	364	19	1	545	908	6	368	1.52e-159	560
GFJPDDAG_04351	ASV005422	93.817	372	23	0	541	912	1	372	1.52e-159	560
GFJPDDAG_04351	ASV002481	93.850	374	19	4	541	912	1	372	1.52e-159	560
GFJPDDAG_04351	ASV012274	94.038	369	20	2	541	908	1	368	5.46e-159	558
GFJPDDAG_04351	ASV005763	94.278	367	16	3	545	909	6	369	1.96e-158	556
GFJPDDAG_04351	ASV013738	93.767	369	23	0	541	909	1	369	7.06e-158	555
GFJPDDAG_04351	ASV007231	93.767	369	23	0	541	909	1	369	7.06e-158	555
GFJPDDAG_04351	ASV002867	93.548	372	24	0	541	912	1	372	7.06e-158	555
GFJPDDAG_04351	ASV014579	93.973	365	21	1	544	908	5	368	9.13e-157	551
GFJPDDAG_04351	ASV000604	93.750	368	21	2	541	908	1	366	9.13e-157	551
GFJPDDAG_04351	ASV003606	93.316	374	21	4	541	912	1	372	3.28e-156	549
GFJPDDAG_04351	ASV002402	93.280	372	25	0	541	912	1	372	3.28e-156	549
GFJPDDAG_04351	ASV001345	93.298	373	22	3	541	912	1	371	1.18e-155	547
GFJPDDAG_04351	ASV014350	94.134	358	21	0	552	909	12	369	4.25e-155	545
GFJPDDAG_04351	ASV010312	93.699	365	22	1	544	908	5	368	4.25e-155	545
GFJPDDAG_04351	ASV008335	93.699	365	22	1	544	908	5	368	4.25e-155	545
GFJPDDAG_04351	ASV016632	93.011	372	26	0	541	912	1	372	1.53e-154	544
GFJPDDAG_04351	ASV003739	93.011	372	26	0	541	912	1	372	1.53e-154	544
GFJPDDAG_04351	ASV002161	93.029	373	24	2	541	912	1	372	1.53e-154	544
GFJPDDAG_04351	ASV002122	93.011	372	26	0	541	912	1	372	1.53e-154	544
GFJPDDAG_04351	ASV002564	93.011	372	24	1	541	912	1	370	5.49e-154	542
GFJPDDAG_04351	ASV007065	93.207	368	24	1	545	912	6	372	1.98e-153	540
GFJPDDAG_04351	ASV017537	93.407	364	23	1	545	908	6	368	7.11e-153	538
GFJPDDAG_04351	ASV004636	92.742	372	27	0	541	912	1	372	7.11e-153	538
GFJPDDAG_04351	ASV001464	92.742	372	27	0	541	912	1	372	7.11e-153	538
GFJPDDAG_04351	ASV000392	92.761	373	25	2	541	912	1	372	7.11e-153	538
GFJPDDAG_04351	ASV017499	92.935	368	26	0	541	908	1	368	2.56e-152	536
GFJPDDAG_04351	ASV013286	93.132	364	24	1	545	908	6	368	3.31e-151	532
GFJPDDAG_04351	ASV005002	92.513	374	24	3	541	912	1	372	3.31e-151	532
GFJPDDAG_04351	ASV001192	92.493	373	26	2	541	912	1	372	3.31e-151	532
GFJPDDAG_04351	ASV013468	92.683	369	24	3	545	912	6	372	4.28e-150	529
GFJPDDAG_04351	ASV011711	92.877	365	25	1	545	909	6	369	4.28e-150	529
GFJPDDAG_04351	ASV007884	92.663	368	26	1	545	912	6	372	4.28e-150	529
GFJPDDAG_04351	ASV015969	92.204	372	29	0	541	912	1	372	1.54e-149	527
GFJPDDAG_04351	ASV004667	92.204	372	29	0	541	912	1	372	1.54e-149	527
GFJPDDAG_04351	ASV002987	92.204	372	29	0	541	912	1	372	1.54e-149	527
GFJPDDAG_04351	ASV003403	92.412	369	26	2	541	908	1	368	5.53e-149	525
GFJPDDAG_04351	ASV002848	92.412	369	26	1	541	909	1	367	5.53e-149	525
GFJPDDAG_04351	ASV001374	92.225	373	25	2	541	912	1	370	5.53e-149	525
GFJPDDAG_04351	ASV011534	92.204	372	25	3	541	912	1	368	1.99e-148	523
GFJPDDAG_04351	ASV016289	91.979	374	26	4	541	912	1	372	7.16e-148	521
GFJPDDAG_04351	ASV006244	91.957	373	28	2	541	912	1	372	7.16e-148	521
GFJPDDAG_04351	ASV005492	92.162	370	27	2	541	909	1	369	7.16e-148	521
GFJPDDAG_04351	ASV000026	91.935	372	30	0	541	912	1	372	7.16e-148	521
GFJPDDAG_04351	ASV013450	92.120	368	29	0	541	908	1	368	2.57e-147	520
GFJPDDAG_04351	ASV000935	92.141	369	27	2	541	909	1	367	2.57e-147	520
GFJPDDAG_04351	ASV007201	92.521	361	27	0	552	912	12	372	9.26e-147	518
GFJPDDAG_04351	ASV000964	91.935	372	26	2	541	912	1	368	9.26e-147	518
GFJPDDAG_04351	ASV009974	92.308	364	27	1	545	908	6	368	3.33e-146	516
GFJPDDAG_04351	ASV002138	91.689	373	29	2	541	912	1	372	3.33e-146	516
GFJPDDAG_04351	ASV001815	92.120	368	25	2	541	908	1	364	3.33e-146	516
GFJPDDAG_04351	ASV000786	92.120	368	26	3	541	908	1	365	3.33e-146	516
GFJPDDAG_04351	ASV008607	91.892	370	26	2	541	908	1	368	1.20e-145	514
GFJPDDAG_04351	ASV004238	91.870	369	28	2	541	908	1	368	1.20e-145	514
GFJPDDAG_04351	ASV001712	91.870	369	28	2	541	909	1	367	1.20e-145	514
GFJPDDAG_04351	ASV012480	91.848	368	29	1	545	912	6	372	4.31e-145	512
GFJPDDAG_04351	ASV012396	92.077	366	26	3	545	909	6	369	4.31e-145	512
GFJPDDAG_04351	ASV007182	91.848	368	29	1	545	912	6	372	4.31e-145	512
GFJPDDAG_04351	ASV003837	91.848	368	28	2	541	908	1	366	4.31e-145	512
GFJPDDAG_04351	ASV002055	91.667	372	28	2	541	912	1	369	4.31e-145	512
GFJPDDAG_04351	ASV000219	91.870	369	26	4	541	909	1	365	4.31e-145	512
GFJPDDAG_04351	ASV017489	91.398	372	32	0	541	912	1	372	1.55e-144	510
GFJPDDAG_04351	ASV014281	92.033	364	28	1	545	908	6	368	1.55e-144	510
GFJPDDAG_04351	ASV003471	91.398	372	32	0	541	912	1	372	1.55e-144	510
GFJPDDAG_04351	ASV003551	91.599	369	30	1	541	908	1	369	5.57e-144	508
GFJPDDAG_04351	ASV002839	91.599	369	29	1	541	909	1	367	5.57e-144	508
GFJPDDAG_04351	ASV002556	91.599	369	29	1	541	909	1	367	5.57e-144	508
GFJPDDAG_04351	ASV000954	91.599	369	29	1	541	909	1	367	5.57e-144	508
GFJPDDAG_04351	ASV000484	91.599	369	29	1	541	909	1	367	5.57e-144	508
GFJPDDAG_04351	ASV004780	91.576	368	30	1	541	908	1	367	2.00e-143	507
GFJPDDAG_04351	ASV000720	91.599	369	28	2	541	908	1	367	2.00e-143	507
GFJPDDAG_04351	ASV006365	91.129	372	33	0	541	912	1	372	7.21e-143	505
GFJPDDAG_04351	ASV003246	91.129	372	31	2	541	911	1	371	2.59e-142	503
GFJPDDAG_04351	ASV002554	91.153	373	29	3	541	912	1	370	2.59e-142	503
GFJPDDAG_04351	ASV000936	91.328	369	30	1	541	909	1	367	2.59e-142	503
GFJPDDAG_04351	ASV008663	91.304	368	31	1	545	912	6	372	9.33e-142	501
GFJPDDAG_04351	ASV004865	91.129	372	29	1	541	912	1	368	9.33e-142	501
GFJPDDAG_04351	ASV001331	91.129	372	30	2	541	912	1	369	9.33e-142	501
GFJPDDAG_04351	ASV017484	91.304	368	28	3	541	908	1	364	3.35e-141	499
GFJPDDAG_04351	ASV015648	91.304	368	28	2	541	908	1	364	3.35e-141	499
GFJPDDAG_04351	ASV013769	91.304	368	29	2	545	912	6	370	3.35e-141	499
GFJPDDAG_04351	ASV005487	91.304	368	28	3	541	908	1	364	3.35e-141	499
GFJPDDAG_04351	ASV002947	91.081	370	31	2	541	909	1	369	3.35e-141	499
GFJPDDAG_04351	ASV001861	91.304	368	28	2	541	908	1	364	3.35e-141	499
GFJPDDAG_04351	ASV000798	91.304	368	28	3	541	908	1	364	3.35e-141	499
GFJPDDAG_04351	ASV000751	91.304	368	28	2	541	908	1	364	3.35e-141	499
GFJPDDAG_04351	ASV013766	90.860	372	33	1	541	912	1	371	1.21e-140	497
GFJPDDAG_04351	ASV008625	91.081	370	29	3	541	908	1	368	1.21e-140	497
GFJPDDAG_04351	ASV005749	90.860	372	33	1	541	912	1	371	1.21e-140	497
GFJPDDAG_04351	ASV004554	91.081	370	29	4	541	908	1	368	1.21e-140	497
GFJPDDAG_04351	ASV003281	91.057	369	31	2	541	908	1	368	1.21e-140	497
GFJPDDAG_04351	ASV001899	91.057	369	31	2	541	909	1	367	1.21e-140	497
GFJPDDAG_04351	ASV001550	90.860	372	33	1	541	912	1	371	1.21e-140	497
GFJPDDAG_04351	ASV001451	91.057	369	31	1	541	909	1	367	1.21e-140	497
GFJPDDAG_04351	ASV015982	91.033	368	31	2	545	912	6	371	4.34e-140	496
GFJPDDAG_04351	ASV003725	91.033	368	31	1	541	908	1	366	4.34e-140	496
GFJPDDAG_04351	ASV002292	91.057	369	29	2	541	909	1	365	4.34e-140	496
GFJPDDAG_04351	ASV001565	90.860	372	30	2	541	912	1	368	4.34e-140	496
GFJPDDAG_04351	ASV001087	91.033	368	32	1	541	908	1	367	4.34e-140	496
GFJPDDAG_04351	ASV006642	91.033	368	29	3	541	908	1	364	1.56e-139	494
GFJPDDAG_04351	ASV003969	91.057	369	28	3	541	909	1	364	1.56e-139	494
GFJPDDAG_04351	ASV001174	91.033	368	29	3	541	908	1	364	1.56e-139	494
GFJPDDAG_04351	ASV012348	90.617	373	32	3	541	912	1	371	5.61e-139	492
GFJPDDAG_04351	ASV012280	90.786	369	32	1	541	909	1	367	5.61e-139	492
GFJPDDAG_04351	ASV004596	90.617	373	32	3	541	912	1	371	5.61e-139	492
GFJPDDAG_04351	ASV003212	90.591	372	34	1	541	912	1	371	5.61e-139	492
GFJPDDAG_04351	ASV003053	90.591	372	34	1	541	912	1	371	5.61e-139	492
GFJPDDAG_04351	ASV002167	90.617	373	32	3	541	912	1	371	5.61e-139	492
GFJPDDAG_04351	ASV000970	90.786	369	32	1	541	909	1	367	5.61e-139	492
GFJPDDAG_04351	ASV008850	90.959	365	31	2	549	912	9	372	2.02e-138	490
GFJPDDAG_04351	ASV008489	90.959	365	32	1	545	909	6	369	2.02e-138	490
GFJPDDAG_04351	ASV005123	90.761	368	33	1	545	912	6	372	2.02e-138	490
GFJPDDAG_04351	ASV004693	90.786	369	30	3	541	909	1	365	2.02e-138	490
GFJPDDAG_04351	ASV001136	90.591	372	32	2	541	912	1	369	2.02e-138	490
GFJPDDAG_04351	ASV000417	90.761	368	32	1	541	908	1	366	2.02e-138	490
GFJPDDAG_04351	ASV017498	90.323	372	36	0	541	912	1	372	7.26e-138	488
GFJPDDAG_04351	ASV014157	90.959	365	30	2	545	909	6	367	7.26e-138	488
GFJPDDAG_04351	ASV012786	91.341	358	29	1	552	909	12	367	7.26e-138	488
GFJPDDAG_04351	ASV010652	90.786	369	29	3	545	912	6	370	7.26e-138	488
GFJPDDAG_04351	ASV010378	90.959	365	30	3	545	908	6	368	7.26e-138	488
GFJPDDAG_04351	ASV010354	90.786	369	29	3	545	912	6	370	7.26e-138	488
GFJPDDAG_04351	ASV008753	90.323	372	36	0	541	912	1	372	7.26e-138	488
GFJPDDAG_04351	ASV003343	90.323	372	36	0	541	912	1	372	7.26e-138	488
GFJPDDAG_04351	ASV003340	90.374	374	32	2	541	912	1	372	7.26e-138	488
GFJPDDAG_04351	ASV001234	90.761	368	30	2	541	908	1	364	7.26e-138	488
GFJPDDAG_04351	ASV010231	90.541	370	32	3	541	909	1	368	2.61e-137	486
GFJPDDAG_04351	ASV008141	90.515	369	34	1	541	909	1	368	2.61e-137	486
GFJPDDAG_04351	ASV003244	90.541	370	31	3	541	909	1	367	2.61e-137	486
GFJPDDAG_04351	ASV002863	90.349	373	33	3	541	912	1	371	2.61e-137	486
GFJPDDAG_04351	ASV002428	90.515	369	33	1	541	909	1	367	2.61e-137	486
GFJPDDAG_04351	ASV002329	90.515	369	33	2	541	909	1	367	2.61e-137	486
GFJPDDAG_04351	ASV001757	90.515	369	33	1	541	909	1	367	2.61e-137	486
GFJPDDAG_04351	ASV000746	90.515	369	33	1	541	909	1	367	2.61e-137	486
GFJPDDAG_04351	ASV013153	90.934	364	28	4	545	908	6	364	9.39e-137	484
GFJPDDAG_04351	ASV008067	90.685	365	32	2	545	909	6	368	9.39e-137	484
GFJPDDAG_04351	ASV005860	90.489	368	33	2	545	912	6	371	9.39e-137	484
GFJPDDAG_04351	ASV004803	90.489	368	34	1	545	912	6	372	9.39e-137	484
GFJPDDAG_04351	ASV003968	90.323	372	32	3	541	912	1	368	9.39e-137	484
GFJPDDAG_04351	ASV003887	90.296	371	35	1	541	911	1	370	9.39e-137	484
GFJPDDAG_04351	ASV013209	90.489	368	32	3	541	908	1	365	3.38e-136	483
GFJPDDAG_04351	ASV011524	90.054	372	37	0	541	912	1	372	3.38e-136	483
GFJPDDAG_04351	ASV008239	90.054	372	37	0	541	912	1	372	3.38e-136	483
GFJPDDAG_04351	ASV008071	90.685	365	31	3	545	908	6	368	3.38e-136	483
GFJPDDAG_04351	ASV006111	90.489	368	31	3	541	908	1	364	3.38e-136	483
GFJPDDAG_04351	ASV006080	90.489	368	31	3	541	908	1	364	3.38e-136	483
GFJPDDAG_04351	ASV005549	90.685	365	31	3	545	909	6	367	3.38e-136	483
GFJPDDAG_04351	ASV002525	90.244	369	36	0	541	909	1	369	3.38e-136	483
GFJPDDAG_04351	ASV001967	90.270	370	34	2	541	909	1	369	3.38e-136	483
GFJPDDAG_04351	ASV001703	90.489	368	32	3	541	908	1	365	3.38e-136	483
GFJPDDAG_04351	ASV001153	90.489	368	31	1	541	908	1	364	3.38e-136	483
GFJPDDAG_04351	ASV000963	90.270	370	34	2	541	909	1	369	3.38e-136	483
GFJPDDAG_04351	ASV000544	90.296	371	32	3	541	909	1	369	3.38e-136	483
GFJPDDAG_04351	ASV017036	90.270	370	32	4	544	912	5	371	1.21e-135	481
GFJPDDAG_04351	ASV016570	90.217	368	36	0	541	908	1	368	1.21e-135	481
GFJPDDAG_04351	ASV012697	90.489	368	30	5	545	912	6	368	1.21e-135	481
GFJPDDAG_04351	ASV011999	91.061	358	28	4	552	909	12	365	1.21e-135	481
GFJPDDAG_04351	ASV001531	90.244	369	34	1	541	909	1	367	1.21e-135	481
GFJPDDAG_04351	ASV000875	90.244	369	34	1	541	909	1	367	1.21e-135	481
GFJPDDAG_04351	ASV000745	90.244	369	35	1	541	908	1	369	1.21e-135	481
GFJPDDAG_04351	ASV000337	90.244	369	34	1	541	909	1	367	1.21e-135	481
GFJPDDAG_04351	ASV012322	90.659	364	29	3	545	908	6	364	4.37e-135	479
GFJPDDAG_04351	ASV011045	90.411	365	34	1	545	909	6	369	4.37e-135	479
GFJPDDAG_04351	ASV006777	90.411	365	34	1	545	909	6	369	4.37e-135	479
GFJPDDAG_04351	ASV005685	90.217	368	35	1	545	912	6	372	4.37e-135	479
GFJPDDAG_04351	ASV004540	90.217	368	35	1	545	912	6	372	4.37e-135	479
GFJPDDAG_04351	ASV002986	90.323	372	27	7	545	912	6	372	4.37e-135	479
GFJPDDAG_04351	ASV002595	90.244	369	33	3	541	908	1	367	4.37e-135	479
GFJPDDAG_04351	ASV001980	90.217	368	34	1	541	908	1	366	4.37e-135	479
GFJPDDAG_04351	ASV012516	90.411	365	32	2	545	909	6	367	1.57e-134	477
GFJPDDAG_04351	ASV012218	90.217	368	33	2	545	912	6	370	1.57e-134	477
GFJPDDAG_04351	ASV011690	90.385	364	34	1	545	908	6	368	1.57e-134	477
GFJPDDAG_04351	ASV011002	90.244	369	31	3	544	912	5	368	1.57e-134	477
GFJPDDAG_04351	ASV006035	90.217	368	32	2	541	908	1	364	1.57e-134	477
GFJPDDAG_04351	ASV003353	90.217	368	32	2	541	908	1	364	1.57e-134	477
GFJPDDAG_04351	ASV002774	90.027	371	33	3	541	909	1	369	1.57e-134	477
GFJPDDAG_04351	ASV016959	90.027	371	32	5	544	912	5	372	5.65e-134	475
GFJPDDAG_04351	ASV014956	90.411	365	30	4	545	909	6	365	5.65e-134	475
GFJPDDAG_04351	ASV014921	90.385	364	32	3	545	908	6	366	5.65e-134	475
GFJPDDAG_04351	ASV013660	90.217	368	31	3	545	912	6	368	5.65e-134	475
GFJPDDAG_04351	ASV008844	90.164	366	35	1	544	909	5	369	5.65e-134	475
GFJPDDAG_04351	ASV007488	90.217	368	31	3	545	912	6	368	5.65e-134	475
GFJPDDAG_04351	ASV007454	90.217	368	30	5	541	907	1	363	5.65e-134	475
GFJPDDAG_04351	ASV006098	90.411	365	30	4	545	909	6	365	5.65e-134	475
GFJPDDAG_04351	ASV001774	90.000	370	33	3	541	909	1	367	5.65e-134	475
GFJPDDAG_04351	ASV001525	90.000	370	33	4	541	909	1	367	5.65e-134	475
GFJPDDAG_04351	ASV001230	90.080	373	28	5	541	908	1	369	5.65e-134	475
GFJPDDAG_04351	ASV000944	90.027	371	32	4	541	909	1	368	5.65e-134	475
GFJPDDAG_04351	ASV000648	90.582	361	30	4	541	900	1	358	5.65e-134	475
GFJPDDAG_04351	ASV016506	90.137	365	35	1	544	908	5	368	2.03e-133	473
GFJPDDAG_04351	ASV009745	90.137	365	35	1	545	909	6	369	2.03e-133	473
GFJPDDAG_04351	ASV008686	90.000	370	31	5	541	909	1	365	2.03e-133	473
GFJPDDAG_04351	ASV016559	90.110	364	35	1	545	908	6	368	7.31e-133	472
GFJPDDAG_04351	ASV013700	90.110	364	35	1	545	908	6	368	7.31e-133	472
GFJPDDAG_04351	ASV009722	90.137	365	33	2	545	909	6	367	7.31e-133	472
GFJPDDAG_04351	ASV006635	90.137	365	33	3	545	909	6	367	7.31e-133	472
GFJPDDAG_04351	ASV017060	90.110	364	31	2	545	908	6	364	9.46e-132	468
GFJPDDAG_04351	ASV009616	90.223	358	35	0	552	909	12	369	9.46e-132	468
GFJPDDAG_04351	ASV007214	90.223	358	33	1	541	898	1	356	3.40e-131	466
GFJPDDAG_04351	ASV017899	90.251	359	29	5	552	909	12	365	1.22e-130	464
GFJPDDAG_04351	ASV009719	95.105	286	14	0	541	826	1	286	9.53e-127	451
GFJPDDAG_04351	ASV005196	94.774	287	15	0	541	827	1	287	1.23e-125	448
GFJPDDAG_04351	ASV002410	94.774	287	15	0	541	827	1	287	1.23e-125	448
GFJPDDAG_04351	ASV002333	94.774	287	15	0	541	827	1	287	1.23e-125	448
GFJPDDAG_04351	ASV002107	94.774	287	15	0	541	827	1	287	1.23e-125	448
GFJPDDAG_04351	ASV001857	94.774	287	15	0	541	827	1	287	1.23e-125	448
GFJPDDAG_04351	ASV001407	94.774	287	15	0	541	827	1	287	1.23e-125	448
GFJPDDAG_04351	ASV001227	94.774	287	15	0	541	827	1	287	1.23e-125	448
GFJPDDAG_04351	ASV009633	94.755	286	15	0	541	826	1	286	4.43e-125	446
GFJPDDAG_04351	ASV008317	94.755	286	15	0	541	826	1	286	4.43e-125	446
GFJPDDAG_04351	ASV007456	94.755	286	15	0	541	826	1	286	4.43e-125	446
GFJPDDAG_04351	ASV003875	94.755	286	15	0	541	826	1	286	4.43e-125	446
GFJPDDAG_04351	ASV003585	94.755	286	15	0	541	826	1	286	4.43e-125	446
GFJPDDAG_04351	ASV003319	94.755	286	15	0	541	826	1	286	4.43e-125	446
GFJPDDAG_04351	ASV002174	94.755	286	15	0	541	826	1	286	4.43e-125	446
GFJPDDAG_04351	ASV001737	94.755	286	15	0	541	826	1	286	4.43e-125	446
GFJPDDAG_04351	ASV001688	94.755	286	15	0	541	826	1	286	4.43e-125	446
GFJPDDAG_04351	ASV001171	94.755	286	15	0	541	826	1	286	4.43e-125	446
GFJPDDAG_04351	ASV001058	94.755	286	15	0	541	826	1	286	4.43e-125	446
GFJPDDAG_04351	ASV000868	94.755	286	15	0	541	826	1	286	4.43e-125	446
GFJPDDAG_04351	ASV000096	94.755	286	15	0	541	826	1	286	4.43e-125	446
GFJPDDAG_04351	ASV009760	94.425	287	16	0	540	826	368	82	5.73e-124	442
GFJPDDAG_04351	ASV008811	94.425	287	16	0	541	827	1	287	5.73e-124	442
GFJPDDAG_04351	ASV002692	93.311	299	20	0	541	839	1	299	5.73e-124	442
GFJPDDAG_04351	ASV001884	94.425	287	16	0	541	827	1	287	5.73e-124	442
GFJPDDAG_04351	ASV001883	94.425	287	16	0	541	827	1	287	5.73e-124	442
GFJPDDAG_04351	ASV001495	94.425	287	16	0	541	827	1	287	5.73e-124	442
GFJPDDAG_04351	ASV013665	94.406	286	16	0	541	826	1	286	2.06e-123	440
GFJPDDAG_04351	ASV003699	94.406	286	16	0	541	826	1	286	2.06e-123	440
GFJPDDAG_04351	ASV003349	94.406	286	16	0	541	826	1	286	2.06e-123	440
GFJPDDAG_04351	ASV003199	94.700	283	15	0	541	823	1	283	2.06e-123	440
GFJPDDAG_04351	ASV002105	94.406	286	16	0	541	826	1	286	2.06e-123	440
GFJPDDAG_04351	ASV002041	94.406	286	16	0	541	826	1	286	2.06e-123	440
GFJPDDAG_04351	ASV000616	94.406	286	16	0	541	826	1	286	2.06e-123	440
GFJPDDAG_04351	ASV000383	94.406	286	16	0	541	826	1	286	2.06e-123	440
GFJPDDAG_04351	ASV006613	94.077	287	17	0	541	827	1	287	2.67e-122	436
GFJPDDAG_04351	ASV005286	93.197	294	20	0	541	834	1	294	3.45e-121	433
GFJPDDAG_04351	ASV004664	93.728	287	18	0	541	827	1	287	1.24e-120	431
GFJPDDAG_04351	ASV016142	93.357	286	19	0	541	826	1	286	2.08e-118	424
GFJPDDAG_04351	ASV007438	93.357	286	19	0	541	826	1	286	2.08e-118	424
GFJPDDAG_04351	ASV015695	93.031	287	20	0	541	827	1	287	2.69e-117	420
GFJPDDAG_04351	ASV016464	92.708	288	21	0	552	839	12	299	3.47e-116	416
GFJPDDAG_04351	ASV016107	93.286	283	18	1	545	827	6	287	3.47e-116	416
GFJPDDAG_04351	ASV015986	93.262	282	18	1	545	826	6	286	1.25e-115	414
GFJPDDAG_04351	ASV010943	92.958	284	19	1	544	827	5	287	4.50e-115	412
GFJPDDAG_04351	ASV013332	92.933	283	19	1	544	826	5	286	1.62e-114	411
GFJPDDAG_04351	ASV010618	92.933	283	19	1	545	827	6	287	1.62e-114	411
GFJPDDAG_04351	ASV008596	92.933	283	19	1	545	827	6	287	1.62e-114	411
GFJPDDAG_04351	ASV017141	92.908	282	19	1	545	826	6	286	5.81e-114	409
GFJPDDAG_04351	ASV010654	92.908	282	19	1	545	826	6	286	5.81e-114	409
GFJPDDAG_04351	ASV010298	92.908	282	19	1	545	826	6	286	5.81e-114	409
GFJPDDAG_04351	ASV007180	92.908	282	19	1	545	826	6	286	5.81e-114	409
GFJPDDAG_04351	ASV013630	92.606	284	20	1	544	827	5	287	2.09e-113	407
GFJPDDAG_04351	ASV017890	92.580	283	20	1	545	827	6	287	7.52e-113	405
GFJPDDAG_04351	ASV017435	92.580	283	20	1	545	827	6	287	7.52e-113	405
GFJPDDAG_04351	ASV017389	92.580	283	20	1	545	827	6	287	7.52e-113	405
GFJPDDAG_04351	ASV007252	92.580	283	20	1	545	827	6	287	7.52e-113	405
GFJPDDAG_04351	ASV014909	92.553	282	20	1	545	826	6	286	2.71e-112	403
GFJPDDAG_04351	ASV013520	92.553	282	20	1	545	826	6	286	2.71e-112	403
GFJPDDAG_04351	ASV012608	92.553	282	20	1	545	826	6	286	2.71e-112	403
GFJPDDAG_04351	ASV012237	92.553	282	20	1	545	826	6	286	2.71e-112	403
GFJPDDAG_04351	ASV011519	92.553	282	20	1	545	826	6	286	2.71e-112	403
GFJPDDAG_04351	ASV010208	92.553	282	20	1	545	826	6	286	2.71e-112	403
GFJPDDAG_04351	ASV009273	92.553	282	20	1	545	826	6	286	2.71e-112	403
GFJPDDAG_04351	ASV008849	92.553	282	20	1	545	826	6	286	2.71e-112	403
GFJPDDAG_04351	ASV008200	92.553	282	20	1	545	826	6	286	2.71e-112	403
GFJPDDAG_04351	ASV007996	92.553	282	20	1	545	826	6	286	2.71e-112	403
GFJPDDAG_04351	ASV006678	93.116	276	17	2	552	826	12	286	2.71e-112	403
GFJPDDAG_04351	ASV004130	91.986	287	23	0	541	827	1	287	2.71e-112	403
GFJPDDAG_04351	ASV002637	91.986	287	23	0	541	827	1	287	2.71e-112	403
GFJPDDAG_04351	ASV016829	91.958	286	23	0	541	826	1	286	9.73e-112	401
GFJPDDAG_04351	ASV003857	91.958	286	23	0	541	826	1	286	9.73e-112	401
GFJPDDAG_04351	ASV012723	92.226	283	21	1	545	827	6	287	3.50e-111	399
GFJPDDAG_04351	ASV007177	92.226	283	21	1	545	827	6	287	3.50e-111	399
GFJPDDAG_04351	ASV011645	92.199	282	21	1	545	826	6	286	1.26e-110	398
GFJPDDAG_04351	ASV009354	91.638	287	24	0	541	827	1	287	1.26e-110	398
GFJPDDAG_04351	ASV002478	90.635	299	28	0	541	839	1	299	1.26e-110	398
GFJPDDAG_04351	ASV014075	91.608	286	24	0	541	826	1	286	4.53e-110	396
GFJPDDAG_04351	ASV008288	91.608	286	24	0	541	826	1	286	4.53e-110	396
GFJPDDAG_04351	ASV005210	91.608	286	24	0	541	826	1	286	4.53e-110	396
GFJPDDAG_04351	ASV004132	91.608	286	24	0	541	826	1	286	4.53e-110	396
GFJPDDAG_04351	ASV003601	91.608	286	24	0	541	826	1	286	4.53e-110	396
GFJPDDAG_04351	ASV012216	91.873	283	22	1	545	827	6	287	1.63e-109	394
GFJPDDAG_04351	ASV008777	96.624	237	8	0	676	912	136	372	1.63e-109	394
GFJPDDAG_04351	ASV016280	91.873	283	20	3	545	826	6	286	5.86e-109	392
GFJPDDAG_04351	ASV012913	91.873	283	20	3	545	826	6	286	5.86e-109	392
GFJPDDAG_04351	ASV011861	91.844	282	22	1	545	826	6	286	5.86e-109	392
GFJPDDAG_04351	ASV011651	91.259	286	25	0	541	826	1	286	2.11e-108	390
GFJPDDAG_04351	ASV013498	91.519	283	21	3	545	826	6	286	2.72e-107	387
GFJPDDAG_04351	ASV012827	91.489	282	23	1	545	826	6	286	2.72e-107	387
GFJPDDAG_04351	ASV008382	91.519	283	21	3	545	826	6	286	2.72e-107	387
GFJPDDAG_04351	ASV010198	91.135	282	24	1	545	826	6	286	1.27e-105	381
GFJPDDAG_04351	ASV016906	90.625	288	23	4	541	826	1	286	4.56e-105	379
GFJPDDAG_04351	ASV017281	91.304	276	24	0	552	827	12	287	1.64e-104	377
GFJPDDAG_04351	ASV012247	90.780	282	25	1	545	826	6	286	5.90e-104	375
GFJPDDAG_04351	ASV008343	90.526	285	22	3	544	826	5	286	7.63e-103	372
GFJPDDAG_04351	ASV014289	90.426	282	26	1	545	826	6	286	2.74e-102	370
GFJPDDAG_04351	ASV008078	93.902	246	13	2	668	912	128	372	2.74e-102	370
GFJPDDAG_04351	ASV002059	94.538	238	11	2	676	912	136	372	3.55e-101	366
GFJPDDAG_04351	ASV012928	92.278	259	16	4	656	912	116	372	1.28e-100	364
GFJPDDAG_04351	ASV011989	90.182	275	27	0	552	826	12	286	5.94e-99	359
GFJPDDAG_04351	ASV005833	91.506	259	18	4	656	912	116	372	2.76e-97	353
GFJPDDAG_04351	ASV002737	91.085	258	23	0	655	912	116	373	3.57e-96	350
GFJPDDAG_04351	ASV004851	91.154	260	17	5	656	912	116	372	1.29e-95	348
GFJPDDAG_04351	ASV003730	90.222	225	22	0	688	912	148	372	1.70e-79	294
GFJPDDAG_04351	ASV013410	90.062	161	14	2	668	827	128	287	2.28e-53	207
GFJPDDAG_04351	ASV010440	91.447	152	11	2	676	826	136	286	2.28e-53	207
