GFJPDDAG_04351	c9fb444f20b8bdd29476e77524718487	99.257	404	3	0	362	765	1	404	0.0	730
GFJPDDAG_04351	3eee32780f5cbddf77ffd6b0408daff1	99.010	404	4	0	362	765	1	404	0.0	725
GFJPDDAG_04351	fab224b87656f6fd2ecbfe1a50489478	98.762	404	5	0	362	765	1	404	0.0	719
GFJPDDAG_04351	0aff2edc773b205e44ce88bd655c75cc	98.762	404	5	0	362	765	1	404	0.0	719
GFJPDDAG_04351	696d70b9db7e7a110555518824c554fc	97.772	404	9	0	362	765	1	404	0.0	697
GFJPDDAG_04351	72cd6eef3ffbed2ce349022b97810ffa	97.030	404	12	0	362	765	1	404	0.0	680
GFJPDDAG_04351	216718c31acf417e005f00064471ce95	100.000	368	0	0	539	906	1	368	0.0	680
GFJPDDAG_04351	c7e13cdb44b9bb4e8cce553e47c42a49	96.782	404	13	0	362	765	1	404	0.0	675
GFJPDDAG_04351	3f850400452c8d9241a3b548530371e9	96.782	404	13	0	362	765	1	404	0.0	675
GFJPDDAG_04351	fd17cb63ff0107b5799565c7114f2592	96.535	404	14	0	362	765	1	404	0.0	669
GFJPDDAG_04351	e82df5e2ef54ac1a54c75f8a48f2a590	99.458	369	1	1	539	907	1	368	0.0	669
GFJPDDAG_04351	2a2999baa93308091d835444994977a8	96.287	404	15	0	362	765	1	404	0.0	664
GFJPDDAG_04351	a6d77a81a432e6bdce2c7d1c9d4f5422	96.040	404	16	0	362	765	1	404	0.0	658
GFJPDDAG_04351	46003785ba2bab5ba00cdc20ae77c24b	96.040	404	16	0	362	765	1	404	0.0	658
GFJPDDAG_04351	b012031e020e76bcad229a63ed006481	95.792	404	17	0	362	765	1	404	0.0	652
GFJPDDAG_04351	6d09ed5f95afccb07f511c4a9faf5437	95.792	404	17	0	362	765	1	404	0.0	652
GFJPDDAG_04351	45d5d16d4e366c2350e719826ead044d	95.802	405	15	2	362	765	1	404	0.0	652
GFJPDDAG_04351	3c42fe6923e55f551245ff6ec8eb1b29	95.792	404	17	0	362	765	1	404	0.0	652
GFJPDDAG_04351	2ddb67c2ce40df545e3cd7dac0fa96f1	95.792	404	17	0	362	765	1	404	0.0	652
GFJPDDAG_04351	f26c500ef3975f7fa9c9dcc36aed0541	95.782	403	15	2	362	763	1	402	0.0	649
GFJPDDAG_04351	e0e7e0fa57108e55678c317b8ade9fad	95.545	404	18	0	362	765	1	404	0.0	647
GFJPDDAG_04351	d2831a464d71a2901def88ecdb22b257	95.545	404	18	0	362	765	1	404	0.0	647
GFJPDDAG_04351	cc90f76bce13bb6907f809c81aeff14d	98.370	368	6	0	539	906	1	368	0.0	647
GFJPDDAG_04351	00d9c1e0c88be9decd3e18f4b6e29f79	95.545	404	18	0	362	765	1	404	0.0	647
GFJPDDAG_04351	056f0cadb1ab376b889a5f39589cc25a	95.522	402	18	0	362	763	1	402	0.0	643
GFJPDDAG_04351	d7bf00586a507bda26201493260d34f5	95.297	404	19	0	362	765	1	404	0.0	641
GFJPDDAG_04351	c4b7db9da60da87ac900a1d8804496b4	95.297	404	19	0	362	765	1	404	0.0	641
GFJPDDAG_04351	a4a774845a43c7b11b8c98b62e13c270	95.297	404	19	0	362	765	1	404	0.0	641
GFJPDDAG_04351	7adceb5560b88a9c770ae846235030f7	95.297	404	19	0	362	765	1	404	0.0	641
GFJPDDAG_04351	457f7192f1613ea4cb813e540f3ae7de	95.332	407	14	3	362	766	1	404	0.0	641
GFJPDDAG_04351	323e8516a00887c3565620e41ac76929	95.332	407	14	4	362	766	1	404	0.0	641
GFJPDDAG_04351	dc69efec9a1010963d9534dee83789d5	98.093	367	7	0	535	901	1	367	0.0	640
GFJPDDAG_04351	8b96334daae83da6521fcca81c03df9a	95.050	404	20	0	362	765	1	404	0.0	636
GFJPDDAG_04351	6a7aae206420b4b83a6f921997e0723c	95.050	404	20	0	362	765	1	404	0.0	636
GFJPDDAG_04351	47f095f4375ed1517f72aa608632f472	95.086	407	15	3	362	766	1	404	0.0	636
GFJPDDAG_04351	1f0133ee8a98abb964259dca1495ab77	97.826	368	8	0	539	906	1	368	0.0	636
GFJPDDAG_04351	ebc5ed21a4f0f8133d924c4564311b30	95.050	404	19	1	362	764	1	404	0.0	634
GFJPDDAG_04351	918c94c91eea4ffc1c723ab120372960	96.606	383	11	2	992	1374	1	381	0.0	634
GFJPDDAG_04351	6cec7e2eb0352c5ec8248f2c6c1c2b91	97.820	367	8	0	535	901	1	367	0.0	634
GFJPDDAG_04351	7a087927562cc15752de627146298914	96.588	381	13	0	992	1372	1	381	1.71e-180	632
GFJPDDAG_04351	45796fd0e9869f9f9707398cc8622f41	95.025	402	20	0	362	763	1	402	1.71e-180	632
GFJPDDAG_04351	0da88c09a3ce90a8277a11a6b7b24448	94.840	407	17	3	362	767	1	404	1.71e-180	632
GFJPDDAG_04351	01c8ecf1f3eebdf58fc4a21a6fd76d02	96.588	381	13	0	992	1372	1	381	1.71e-180	632
GFJPDDAG_04351	abd053c49269da1fe755a5908b8508e7	94.840	407	16	4	362	766	1	404	6.16e-180	630
GFJPDDAG_04351	a28a1fcc01e857b9fa239d4b0b5908d9	94.815	405	19	2	362	765	1	404	6.16e-180	630
GFJPDDAG_04351	a0e0e35948b520a0b2d1533db56203cb	97.554	368	9	0	539	906	1	368	6.16e-180	630
GFJPDDAG_04351	81d2320475cfbbd5bf8818e2a4110076	94.802	404	21	0	362	765	1	404	6.16e-180	630
GFJPDDAG_04351	6cff5725a1b101f93f77c427c2c0007e	94.802	404	21	0	362	765	1	404	6.16e-180	630
GFJPDDAG_04351	0d584200a8ee278cef9c6685a9b0dd5b	94.802	404	21	0	362	765	1	404	6.16e-180	630
GFJPDDAG_04351	16ab2b599187a56f7cbd6af85217669a	96.345	383	12	2	992	1374	1	381	2.22e-179	628
GFJPDDAG_04351	d766d5e3c901fb39bb9e60ab6deba18f	96.335	382	12	2	992	1372	1	381	7.97e-179	627
GFJPDDAG_04351	8ae33d77a3df275f09807307ec1916d8	96.325	381	14	0	992	1372	1	381	7.97e-179	627
GFJPDDAG_04351	8504112907fb539beca65e126b9a07df	96.325	381	14	0	992	1372	1	381	7.97e-179	627
GFJPDDAG_04351	b448e12597eb92e88e0f9e4d4adb0127	94.595	407	17	3	362	766	1	404	2.87e-178	625
GFJPDDAG_04351	9356dfbe0dc2e37470be894403dab0dd	94.568	405	20	2	362	765	1	404	2.87e-178	625
GFJPDDAG_04351	5c8bec034cb9b3012940edd56f6c9f19	94.568	405	20	2	362	765	1	404	2.87e-178	625
GFJPDDAG_04351	e773324e24b574376da66e298c91c178	94.554	404	21	1	362	764	1	404	1.03e-177	623
GFJPDDAG_04351	35aa50745096220004d37c661ff53562	96.084	383	13	2	992	1374	1	381	1.03e-177	623
GFJPDDAG_04351	c0d10444efdeba84eb3b403d806fcbee	94.349	407	19	3	362	767	1	404	3.71e-177	621
GFJPDDAG_04351	808eb6692c0b1c507ec6c11f573ce97c	94.335	406	21	1	362	767	1	404	3.71e-177	621
GFJPDDAG_04351	4e8ac4fb6c22f24a0e3b9fb1de3f3201	94.349	407	19	3	362	767	1	404	3.71e-177	621
GFJPDDAG_04351	4d2ebb44f678fa4d1d48df635fbc8412	96.073	382	13	2	992	1372	1	381	3.71e-177	621
GFJPDDAG_04351	37f16c0a35bfa6c2ee975748c88d8d8d	94.363	408	17	4	362	767	1	404	3.71e-177	621
GFJPDDAG_04351	189f47c45e1ab8d8bdbb2c24504932e8	94.335	406	21	1	362	767	1	404	3.71e-177	621
GFJPDDAG_04351	85e6c782309d88e4b5c57b413dec2678	94.349	407	18	3	362	766	1	404	1.33e-176	619
GFJPDDAG_04351	2eeb7842f2289f26042544c09dba02e9	97.011	368	11	0	539	906	1	368	1.33e-176	619
GFJPDDAG_04351	2009a8820fb873bf51d21e9fee0d5cca	94.307	404	23	0	362	765	1	404	1.33e-176	619
GFJPDDAG_04351	037683c843c1ccbbd7e7b7e187e3a1f0	94.307	404	23	0	362	765	1	404	1.33e-176	619
GFJPDDAG_04351	ecff1e343016a65a0d81f51444cf1246	95.844	385	10	6	992	1374	1	381	4.80e-176	617
GFJPDDAG_04351	a8f3a2d839fff9262c4fef64f5e7d3af	97.003	367	11	0	535	901	1	367	4.80e-176	617
GFJPDDAG_04351	85ce2fac12c136d8e2b80c90badecc63	95.822	383	14	2	992	1374	1	381	4.80e-176	617
GFJPDDAG_04351	67e892761e027b36cb32fb203c2bbea4	95.833	384	12	4	992	1374	1	381	4.80e-176	617
GFJPDDAG_04351	d25d0298c80ed3b0d189fc7cb0a2f864	94.089	406	22	1	362	767	1	404	1.73e-175	616
GFJPDDAG_04351	b1b243537b02e4b94a3afacfb79df38d	94.293	403	22	1	362	764	1	402	1.73e-175	616
GFJPDDAG_04351	7840a34d125253d6f59daa42e581ece2	95.801	381	16	0	992	1372	1	381	1.73e-175	616
GFJPDDAG_04351	ed623d6468f792981f485de5549ccac0	94.059	404	24	0	362	765	1	404	6.20e-175	614
GFJPDDAG_04351	b0f08cc8ce09f1fc4d9cf101a2c0d5c4	96.739	368	12	0	539	906	1	368	6.20e-175	614
GFJPDDAG_04351	af79db2af6bb189b289c43eb499ba56c	96.739	368	12	0	539	906	1	368	6.20e-175	614
GFJPDDAG_04351	421e9795ad1cf8677a6995dc195fc188	94.103	407	19	4	362	766	1	404	6.20e-175	614
GFJPDDAG_04351	314200d622e9b95dc10e034a706b0227	94.059	404	24	0	362	765	1	404	6.20e-175	614
GFJPDDAG_04351	f6bfac191c7fac33255c1167cc448142	94.074	405	20	3	362	765	1	402	2.23e-174	612
GFJPDDAG_04351	e807eb5bdb8061be4543532b9210a888	94.074	405	20	3	362	765	1	402	2.23e-174	612
GFJPDDAG_04351	dc291cadffe005e6381724e3ec850864	94.059	404	22	1	362	765	1	402	2.23e-174	612
GFJPDDAG_04351	be05922d22b4658042aa3f4ff03ade89	94.059	404	22	1	362	765	1	402	2.23e-174	612
GFJPDDAG_04351	6d86e6153dd89f0726625fd611dfa96d	95.561	383	15	2	992	1374	1	381	2.23e-174	612
GFJPDDAG_04351	65d1bf3be51bb9868cd7791c49af098b	94.074	405	20	3	362	765	1	402	2.23e-174	612
GFJPDDAG_04351	33b470d5e9101284c12fbefbd0f27fa7	93.857	407	21	3	362	767	1	404	8.03e-174	610
GFJPDDAG_04351	18309043bcf28fb0c40e8b7851c33f12	93.857	407	21	3	362	767	1	404	8.03e-174	610
GFJPDDAG_04351	cdce3174721fc7166e973aadf52e2741	93.857	407	20	4	362	766	1	404	2.89e-173	608
GFJPDDAG_04351	b5995e732d032fbe3578f287c07908cb	93.857	407	20	3	362	766	1	404	2.89e-173	608
GFJPDDAG_04351	601d9ef829751704d92daa4658980996	93.812	404	25	0	362	765	1	404	2.89e-173	608
GFJPDDAG_04351	06c728e5b0374fe1a9ca90578f7a26ce	93.857	407	20	3	362	766	1	404	2.89e-173	608
GFJPDDAG_04351	fe7209846fca6f937f78bada4297d5e0	93.827	405	21	3	362	765	1	402	1.04e-172	606
GFJPDDAG_04351	8b46979b766058a108d3f088b5587da9	93.827	405	21	3	362	765	1	402	1.04e-172	606
GFJPDDAG_04351	58eb624fc3dea0ddc827a0aa866ddf47	93.827	405	21	3	362	765	1	402	1.04e-172	606
GFJPDDAG_04351	56ea00a14f001511b87368a0aea1a1c0	93.827	405	21	3	362	765	1	402	1.04e-172	606
GFJPDDAG_04351	3c4d296723ad3fa97e44dc21c245f0d6	93.812	404	23	1	362	765	1	402	1.04e-172	606
GFJPDDAG_04351	0748776d4fc50dd9d7e06be6d37b9355	93.812	404	23	2	362	765	1	402	1.04e-172	606
GFJPDDAG_04351	d1f62a85e62ecdd751216fdd16ea3b70	95.276	381	18	0	992	1372	1	381	3.73e-172	604
GFJPDDAG_04351	81613c6a7c9d910f47d1ab1e0823007c	95.300	383	14	4	992	1372	1	381	3.73e-172	604
GFJPDDAG_04351	80776eca82e6324b17b1816d0d1348cb	95.288	382	16	2	992	1372	1	381	3.73e-172	604
GFJPDDAG_04351	7a36f696acd2c40334b50ae7c70b8461	93.612	407	22	3	362	767	1	404	3.73e-172	604
GFJPDDAG_04351	327337cf3c3c6369a323bda3977afde9	93.612	407	22	3	362	767	1	404	3.73e-172	604
GFJPDDAG_04351	2b82bc47875bafc01afad209ee20ba6a	95.276	381	18	0	992	1372	1	381	3.73e-172	604
GFJPDDAG_04351	aabf195b9d1dcdbdd15167133b4bf86c	93.564	404	26	0	362	765	1	404	1.34e-171	603
GFJPDDAG_04351	96d537f4381eba787e811681dea9691c	96.196	368	14	0	539	906	1	368	1.34e-171	603
GFJPDDAG_04351	5eaa8cf31dfebb6616183bce98f17530	96.196	368	14	0	539	906	1	368	1.34e-171	603
GFJPDDAG_04351	3d3e8178cd5ffb284429765a6238e20f	93.612	407	21	3	362	766	1	404	1.34e-171	603
GFJPDDAG_04351	01b58c346398a23507cc6cd2bf32dfef	91.441	444	31	5	25	465	1	440	1.34e-171	603
GFJPDDAG_04351	f5141b66e46d43d2cc20a1051f1711db	91.533	437	34	3	25	461	1	434	1.74e-170	599
GFJPDDAG_04351	e5e858cb40ba6febf1b4d6ea30f4adae	93.366	407	23	3	362	767	1	404	1.74e-170	599
GFJPDDAG_04351	ba5427361bea4becec5f0ac71cf8c7fc	95.013	381	19	0	992	1372	1	381	1.74e-170	599
GFJPDDAG_04351	958c911ee53629adb7e67ac6f7ec38f4	96.175	366	14	0	535	900	1	366	1.74e-170	599
GFJPDDAG_04351	5bdced97905380bed97a9b1a427571b3	93.580	405	21	3	362	764	1	402	1.74e-170	599
GFJPDDAG_04351	034e6f00cd3d5555bc296af985b48ea3	93.366	407	23	3	362	767	1	404	1.74e-170	599
GFJPDDAG_04351	f9481eabd4bb37ab48aaed82e75d5074	93.333	405	25	2	362	765	1	404	6.25e-170	597
GFJPDDAG_04351	ec99762c99dd5e0b9218cc71298aafee	93.382	408	20	5	362	766	1	404	6.25e-170	597
GFJPDDAG_04351	e17cfce250fe339a31e3ee5d44506fd6	93.317	404	27	0	362	765	1	404	6.25e-170	597
GFJPDDAG_04351	7cebe4bc7b97ca850277eccbdb84d976	93.382	408	20	5	362	766	1	404	6.25e-170	597
GFJPDDAG_04351	6be2e68becd238b7651324b785fa2b1a	96.409	362	13	0	539	900	1	362	6.25e-170	597
GFJPDDAG_04351	625a313ee0158a69bb218a2bd15c1447	91.216	444	32	5	25	465	1	440	6.25e-170	597
GFJPDDAG_04351	4fb4af722997cb4bb1e8afaecf9855ea	93.366	407	22	4	362	766	1	404	6.25e-170	597
GFJPDDAG_04351	3619ad46f43efbf367b5dc8b3f999e5d	93.366	407	22	3	362	766	1	404	6.25e-170	597
GFJPDDAG_04351	1d53cf6fdec5ce35cd2b8ce9ed1e728c	95.935	369	14	1	539	907	1	368	6.25e-170	597
GFJPDDAG_04351	8ee862a7589beb0277c5148f70ec76c8	91.156	441	36	3	25	465	1	438	2.25e-169	595
GFJPDDAG_04351	7e183490a47981c67d7359fac769d7e0	95.913	367	15	0	535	901	1	367	2.25e-169	595
GFJPDDAG_04351	e33dcd583d407156feccb9806139d22d	95.902	366	15	0	535	900	1	366	8.08e-169	593
GFJPDDAG_04351	e2f3776e2b2b185f5dbbc861e3de34c2	93.154	409	20	5	362	767	1	404	8.08e-169	593
GFJPDDAG_04351	ba5a1df5666168a887bf85c826be5c4a	94.778	383	16	4	992	1372	1	381	8.08e-169	593
GFJPDDAG_04351	797de2136e250706667590cc7178336b	93.317	404	24	3	362	764	1	402	8.08e-169	593
GFJPDDAG_04351	486516d75d8f4d359ac9fbb32aff6efa	94.778	383	16	4	992	1372	1	381	8.08e-169	593
GFJPDDAG_04351	367470117f566f28ebf8b9695db42940	93.333	405	22	4	362	764	1	402	8.08e-169	593
GFJPDDAG_04351	260e15e9e169671fa1474a90807c483c	93.120	407	24	3	362	767	1	404	8.08e-169	593
GFJPDDAG_04351	d2fecb1bbeedf8ec60966a84952c0421	95.652	368	16	0	539	906	1	368	2.91e-168	592
GFJPDDAG_04351	8f87972fe57a184eea9c95e3466c1546	93.120	407	23	4	362	766	1	404	2.91e-168	592
GFJPDDAG_04351	5fc15a9dd8f7824a5552af38e110e899	93.120	407	23	4	362	766	1	404	2.91e-168	592
GFJPDDAG_04351	3888a02a3b2e1519f62d57c9edd4b5ff	95.652	368	16	0	539	906	1	368	2.91e-168	592
GFJPDDAG_04351	069663d678e9647c5675774745fb2e97	90.930	441	38	2	25	465	1	439	2.91e-168	592
GFJPDDAG_04351	38cd6d406013dbfd33332a00f34be849	90.930	441	37	3	25	465	1	438	1.05e-167	590
GFJPDDAG_04351	027d3d958bc182f4631abe258458351b	94.531	384	17	4	992	1374	1	381	1.05e-167	590
GFJPDDAG_04351	f358a735e5f9583b9c996a4615d964e9	93.086	405	23	4	362	764	1	402	3.76e-167	588
GFJPDDAG_04351	efb15107df0f9540732eae58526fea74	93.086	405	23	4	362	764	1	402	3.76e-167	588
GFJPDDAG_04351	ceadb923de64738d628e861801a14e35	94.517	383	17	4	992	1372	1	381	3.76e-167	588
GFJPDDAG_04351	83d26af62ab74c9423c829d28a814f1c	94.503	382	19	2	992	1372	1	381	3.76e-167	588
GFJPDDAG_04351	7448d6dbf9d32e525a51ffdbd13be0f4	93.103	406	21	5	362	764	1	402	3.76e-167	588
GFJPDDAG_04351	0c120110927ba7541b48924dd9a968bb	94.503	382	19	2	992	1372	1	381	3.76e-167	588
GFJPDDAG_04351	ebfaca586268fd89ac22066f22060b0d	95.856	362	15	0	539	900	1	362	1.35e-166	586
GFJPDDAG_04351	cdb4cd7a541261bea72355aa334047cf	95.856	362	15	0	539	900	1	362	1.35e-166	586
GFJPDDAG_04351	1d5e202c22359ea5d807aaffd7369228	92.875	407	24	3	362	766	1	404	1.35e-166	586
GFJPDDAG_04351	7c770cbfcb985557dee8bfc85b4508ef	94.271	384	18	4	992	1374	1	381	4.86e-166	584
GFJPDDAG_04351	656948187f5608155c91c91269e81300	90.703	441	38	3	25	465	1	438	4.86e-166	584
GFJPDDAG_04351	f6584bfe111454491a7fdbe651e67aa2	95.122	369	18	0	535	903	1	369	1.75e-165	582
GFJPDDAG_04351	a70f9c0595a4cc2680cfbe5f8803d3ca	92.840	405	24	4	362	764	1	402	1.75e-165	582
GFJPDDAG_04351	83f5ad663a2b871035f748cdfc56c251	92.804	403	28	1	362	764	1	402	1.75e-165	582
GFJPDDAG_04351	691228438640d0151856c3c5a2a0c9ae	95.355	366	17	0	535	900	1	366	1.75e-165	582
GFJPDDAG_04351	422e0b5ad2fa08e92876a892756e820f	95.135	370	16	2	539	908	1	368	1.75e-165	582
GFJPDDAG_04351	143be956cfb1ba8af37b0a4916309192	94.256	383	18	4	992	1372	1	381	1.75e-165	582
GFJPDDAG_04351	e8c2f0cc70dcc91ece9038626721a182	95.592	363	15	1	539	900	1	363	6.29e-165	580
GFJPDDAG_04351	e0c9b5e56948c2f7d30191633463b6e1	92.593	405	28	2	362	765	1	404	6.29e-165	580
GFJPDDAG_04351	5d34b94ddc5c9a910576a6d77c1002b4	92.593	405	29	1	362	766	1	404	6.29e-165	580
GFJPDDAG_04351	d8163c962da4f5ca46ec2ac3a554cbde	93.995	383	21	2	992	1374	1	381	2.26e-164	579
GFJPDDAG_04351	b57aac7997e05852c8c92b4a0d0b404f	92.593	405	25	5	362	764	1	402	8.14e-164	577
GFJPDDAG_04351	9e2312d6a5bf061f9c45f5f83946fca4	92.593	405	25	5	362	764	1	402	8.14e-164	577
GFJPDDAG_04351	780aec3be72a0ed246b147e77bb38210	92.593	405	25	5	362	764	1	402	8.14e-164	577
GFJPDDAG_04351	77a9db5e14900aa8c7b33e70c3a04ceb	92.574	404	27	3	362	764	1	402	8.14e-164	577
GFJPDDAG_04351	483446b771b85f10305f262c0280dc51	93.979	382	21	2	992	1372	1	381	8.14e-164	577
GFJPDDAG_04351	42818c8027757b4aed844d3d7e635768	92.574	404	27	3	362	764	1	402	8.14e-164	577
GFJPDDAG_04351	41d760c219058ca1088c729f8c22e464	93.995	383	19	4	992	1372	1	381	8.14e-164	577
GFJPDDAG_04351	3d2ca478ad082301cdb96b22cace889a	95.082	366	18	0	535	900	1	366	8.14e-164	577
GFJPDDAG_04351	06e188c5d2f54f9d78dcaaf0e7db383b	92.574	404	27	3	362	764	1	402	8.14e-164	577
GFJPDDAG_04351	05079f99b064ea55975f29b1846c0a20	92.556	403	29	1	362	764	1	402	8.14e-164	577
GFJPDDAG_04351	e45170246f12a52a8768c14396fe6a3b	92.365	406	28	3	362	766	1	404	2.93e-163	575
GFJPDDAG_04351	b906c9c863d22b56355e7cf65a3a2604	95.304	362	17	0	539	900	1	362	2.93e-163	575
GFJPDDAG_04351	59e85809d220ff30858c3b426dcf665f	95.304	362	17	0	539	900	1	362	2.93e-163	575
GFJPDDAG_04351	287f7bc9067a4aa19a2f1a9d134a4878	94.837	368	19	0	539	906	1	368	2.93e-163	575
GFJPDDAG_04351	04e859a22aa531c58ba9efc6c9b79498	95.304	362	17	0	539	900	1	362	2.93e-163	575
GFJPDDAG_04351	c5e2bab8953ccc56c1c3b6378986f6cf	93.766	385	18	6	992	1374	1	381	1.05e-162	573
GFJPDDAG_04351	7b9624a9ade7f087ac9a47c60a79337f	93.750	384	20	4	992	1374	1	381	1.05e-162	573
GFJPDDAG_04351	f78a5df7a7ce8742c907e94ca95e98de	93.734	383	20	4	992	1372	1	381	3.79e-162	571
GFJPDDAG_04351	deb0d2d018033c654671207b642881fb	92.327	404	28	3	362	764	1	402	3.79e-162	571
GFJPDDAG_04351	dc59bf9a3223695cf4e4dd406fd9debb	92.346	405	26	5	362	764	1	402	3.79e-162	571
GFJPDDAG_04351	cecb2e331cce6a3dbd9606af587b6c9b	90.476	441	31	11	25	461	1	434	3.79e-162	571
GFJPDDAG_04351	a090572978293767aeb5872f15af94cf	92.346	405	26	5	362	764	1	402	3.79e-162	571
GFJPDDAG_04351	7b1d6d4e0f51f8124c9c4f7aa019d6c7	93.734	383	20	4	992	1372	1	381	3.79e-162	571
GFJPDDAG_04351	3e88694a21b2d476af41cbb46c14321c	93.734	383	20	4	992	1372	1	381	3.79e-162	571
GFJPDDAG_04351	291015a08e4527ad3b674f8a4ef50858	92.346	405	26	5	362	764	1	402	3.79e-162	571
GFJPDDAG_04351	1df500af4e61d960fd097c39fd83f968	92.346	405	26	5	362	764	1	402	3.79e-162	571
GFJPDDAG_04351	19db51b18e356d4bf8a9f670ba99e598	92.327	404	28	3	362	764	1	402	3.79e-162	571
GFJPDDAG_04351	10a88c7c6ae6413724ad83394f59914a	93.701	381	24	0	992	1372	1	381	3.79e-162	571
GFJPDDAG_04351	09458a416677d5dea1def938149d54ac	92.346	405	26	5	362	764	1	402	3.79e-162	571
GFJPDDAG_04351	ba0f3d6b32058cb24fb070bc92b38320	94.565	368	20	0	539	906	1	368	1.36e-161	569
GFJPDDAG_04351	d3883ae1332c0811014b781cfff6916a	94.550	367	20	0	535	901	1	367	4.90e-161	568
GFJPDDAG_04351	4a93002d810e82db11aaec85eb56ef3f	93.717	382	19	3	362	741	1	379	4.90e-161	568
GFJPDDAG_04351	0b6a3ecb0202719d37d2b31a9b5d2d92	90.249	441	34	9	25	461	1	436	4.90e-161	568
GFJPDDAG_04351	e75d34428622509149429557ebf495cc	93.438	381	25	0	992	1372	1	381	1.76e-160	566
GFJPDDAG_04351	d81b240bce6fc0739fddecdbda73bbe3	94.324	370	19	2	539	908	1	368	1.76e-160	566
GFJPDDAG_04351	c76717230fc441d617623da4304d3af9	93.506	385	17	8	992	1372	1	381	1.76e-160	566
GFJPDDAG_04351	898cff8d84eaab37d1d7607225ec5df2	92.079	404	29	3	362	764	1	402	1.76e-160	566
GFJPDDAG_04351	76273c97e023abb4e861321cd3378b9f	94.324	370	19	2	535	903	1	369	1.76e-160	566
GFJPDDAG_04351	714425e807b32cf6c386af5bacea289c	93.455	382	23	2	992	1372	1	381	1.76e-160	566
GFJPDDAG_04351	6a648abb91ab818bc997db62b4738860	94.536	366	20	0	535	900	1	366	1.76e-160	566
GFJPDDAG_04351	5ca752fa80fa92cc5065872a4ed01901	92.099	405	27	4	362	764	1	402	1.76e-160	566
GFJPDDAG_04351	5ace2c6aaa411104633773b8f8303fb4	92.079	404	29	3	362	764	1	402	1.76e-160	566
GFJPDDAG_04351	22297f506babbe0c07be324668b7ee44	92.079	404	29	3	362	764	1	402	1.76e-160	566
GFJPDDAG_04351	04da0a9865ca2efb6bc104a74bcf8a4d	92.079	404	29	3	362	764	1	402	1.76e-160	566
GFJPDDAG_04351	d3ab051fc11c82cb54ef7ff4d4eadcaa	91.852	405	31	2	362	765	1	404	6.34e-160	564
GFJPDDAG_04351	4a840505cd76c5c6b96244a1158ac855	94.751	362	19	0	539	900	1	362	6.34e-160	564
GFJPDDAG_04351	246bcd8daf4e2f3dcf2c970bcf39cb7e	91.872	406	30	3	362	766	1	404	6.34e-160	564
GFJPDDAG_04351	fc6c5e1ab93c9eaa5b4215ae8c093e9d	91.832	404	30	3	362	764	1	402	8.20e-159	560
GFJPDDAG_04351	c416325b90fac35cab8d8d75a97174a6	92.821	390	23	3	362	749	1	387	8.20e-159	560
GFJPDDAG_04351	be87fffe989b4b636b12983c7b964164	91.832	404	30	3	362	764	1	402	8.20e-159	560
GFJPDDAG_04351	b332d9f08947029c13732cdbb014be7a	94.262	366	21	0	535	900	1	366	8.20e-159	560
GFJPDDAG_04351	91b3f2a73f0f882c171e7938c4a59f88	93.211	383	22	4	992	1372	1	381	8.20e-159	560
GFJPDDAG_04351	8fa1b798b24186be6dcf91f17717212e	91.832	404	30	3	362	764	1	402	8.20e-159	560
GFJPDDAG_04351	34a9b942698365155c3b463a8f77aed4	93.176	381	26	0	992	1372	1	381	8.20e-159	560
GFJPDDAG_04351	21ac7668c102903872cfb30d13a62f95	93.211	383	22	4	992	1372	1	381	8.20e-159	560
GFJPDDAG_04351	f6656821891468935bc4b5ea43722ede	94.262	366	19	2	535	900	1	364	2.95e-158	558
GFJPDDAG_04351	f5e6a58cbb744e76c23501aaf5b92661	94.022	368	22	0	539	906	1	368	2.95e-158	558
GFJPDDAG_04351	c7fcb366ca0b17aa676d44ab799d388f	91.626	406	31	3	362	766	1	404	2.95e-158	558
GFJPDDAG_04351	c53658760ec9b57f25a0eea97827f7f0	94.475	362	20	0	539	900	1	362	2.95e-158	558
GFJPDDAG_04351	9d426fcb176a2126347e4f56089e5b09	91.626	406	30	3	362	765	1	404	2.95e-158	558
GFJPDDAG_04351	1ff9690d15e8bd2f3544b2968f855e38	94.475	362	20	0	539	900	1	362	2.95e-158	558
GFJPDDAG_04351	f1d1396c486f39c51f33e3f89533ec0d	93.784	370	21	2	539	908	1	368	3.81e-157	555
GFJPDDAG_04351	f098c36beb6702be0140f373133b0bba	91.584	404	31	3	362	764	1	402	3.81e-157	555
GFJPDDAG_04351	cf58f66e0ebaf3a22ad3b30eea3d4857	93.784	370	21	2	539	908	1	368	3.81e-157	555
GFJPDDAG_04351	ce2b998e2b295ed6cecd2e91755221d8	92.950	383	23	4	992	1372	1	381	3.81e-157	555
GFJPDDAG_04351	a51765030c95c1cf41183a2eef839aa4	92.950	383	23	4	992	1372	1	381	3.81e-157	555
GFJPDDAG_04351	97d3317bf0c16bc35f78474d0176036e	91.584	404	30	3	362	763	1	402	3.81e-157	555
GFJPDDAG_04351	7705562e6084903b99814c99247602fd	92.950	383	23	4	992	1372	1	381	3.81e-157	555
GFJPDDAG_04351	6f7670940730793cf3d729fe53c6b6be	92.564	390	24	5	362	749	1	387	3.81e-157	555
GFJPDDAG_04351	6a3ceb9d3b9cf914285d5edbaf572e1e	91.605	405	29	4	362	764	1	402	3.81e-157	555
GFJPDDAG_04351	457f7ac46ae6ac937d5b568aee35ebcd	93.784	370	21	2	535	903	1	369	3.81e-157	555
GFJPDDAG_04351	250f2171e73c02f0246ab2089a4ff4e8	91.605	405	29	4	362	764	1	402	3.81e-157	555
GFJPDDAG_04351	f88ad16eb70597d9dfcf65577988bf79	93.784	370	19	4	539	906	1	368	1.37e-156	553
GFJPDDAG_04351	b155d209eb5e2e419bbdf5a31733f50b	93.566	373	20	2	535	907	1	369	1.37e-156	553
GFJPDDAG_04351	92a8f800e9bf362f6e571e4f03e0be05	93.750	368	23	0	539	906	1	368	1.37e-156	553
GFJPDDAG_04351	6dfd55724a444071538259f11fcc710c	93.548	372	20	2	539	910	1	368	4.93e-156	551
GFJPDDAG_04351	db7f8c9ea3f68187f978ef446cb5c411	92.689	383	24	4	992	1372	1	381	1.77e-155	549
GFJPDDAG_04351	61ddc430ea675e57d682d0f774f13504	93.716	366	23	0	535	900	1	366	1.77e-155	549
GFJPDDAG_04351	cfc78bb2fe343b56ff01fa0873eeb09d	91.089	404	36	0	362	765	1	404	6.38e-155	547
GFJPDDAG_04351	4b73dd16410ec0c11e6e22fcd802deb4	93.514	370	20	4	539	906	1	368	6.38e-155	547
GFJPDDAG_04351	3a1dedd3ae1f67a7ff82e9621e042f0f	93.923	362	22	0	539	900	1	362	6.38e-155	547
GFJPDDAG_04351	f8ada0f7f494ee1b23be6c3357ebfbe6	93.460	367	24	0	535	901	1	367	2.30e-154	545
GFJPDDAG_04351	c00901b6efcdf5ebace72473484eaba7	92.857	378	23	4	992	1368	1	375	2.30e-154	545
GFJPDDAG_04351	c578b58880d65b9e4aa44ed962c70243	92.428	383	25	4	992	1372	1	381	8.26e-154	544
GFJPDDAG_04351	8ce4b0c307bac36c25bb73fa62b8aa80	92.428	383	25	4	992	1373	1	380	8.26e-154	544
GFJPDDAG_04351	74fcc5dae0732670459f328fb15cb8ee	92.428	383	25	4	992	1372	1	381	8.26e-154	544
GFJPDDAG_04351	1afc92737e2bce9f83637587cf3db12f	91.089	404	33	3	362	764	1	402	8.26e-154	544
GFJPDDAG_04351	19572cfd2288eab0aee1733f71809f74	92.593	378	28	0	995	1372	4	381	8.26e-154	544
GFJPDDAG_04351	18a2e7a71587f5b0d80538cca4fbaec6	92.388	381	29	0	992	1372	1	381	8.26e-154	544
GFJPDDAG_04351	819b6c1695eb633ed78cd5ab0027f4b2	93.646	362	23	0	539	900	1	362	2.97e-153	542
GFJPDDAG_04351	7fc70a2e86d72efb08f99cf9fdd1e298	93.646	362	23	0	539	900	1	362	2.97e-153	542
GFJPDDAG_04351	4df8758e0c8d47f5ea2b7bdd01b4ee89	93.207	368	25	0	539	906	1	368	2.97e-153	542
GFJPDDAG_04351	abe19f941e067fd00853fbd6b8d885a4	92.188	384	24	6	992	1372	1	381	3.84e-152	538
GFJPDDAG_04351	82a895dc6ac7fce8f71886d974737682	92.188	384	24	6	992	1372	1	381	3.84e-152	538
GFJPDDAG_04351	15b8e62f5cf5251a0fa01afadd121754	92.188	384	24	6	992	1373	1	380	3.84e-152	538
GFJPDDAG_04351	efc93a90b99e3038ac94863489071489	93.388	363	22	2	539	900	1	362	1.38e-151	536
GFJPDDAG_04351	7acb85bd1d48503a93f51edf2b871950	92.208	385	21	9	992	1372	2	381	1.38e-151	536
GFJPDDAG_04351	6208f8419b879628f5ddeadf0df1bbf0	90.640	406	35	3	362	766	1	404	1.38e-151	536
GFJPDDAG_04351	2208e64e4d8ca7d1a62dea51bd62fe04	90.663	407	33	4	362	766	1	404	1.38e-151	536
GFJPDDAG_04351	0e9e6d7aac45558f65170d0d90d66e5d	92.935	368	26	0	539	906	1	368	1.38e-151	536
GFJPDDAG_04351	0d75a67ff16260d7a662e0c5df6e09c6	92.954	369	24	2	539	906	1	368	1.38e-151	536
GFJPDDAG_04351	969b4459b8ad99c1e1dc7292557523ad	92.084	379	30	0	994	1372	3	381	4.97e-151	534
GFJPDDAG_04351	17f77ac5e24b41341af3314d226c5ed4	92.328	378	25	4	992	1368	1	375	4.97e-151	534
GFJPDDAG_04351	c0c219f188b03a1e3c1579d195ed7a66	92.703	370	25	2	539	908	1	368	1.79e-150	532
GFJPDDAG_04351	20826c142596f4f7aa932272449dfc0a	91.927	384	25	6	992	1373	1	380	1.79e-150	532
GFJPDDAG_04351	14fcd0223467f70ad29283eebcf9691b	90.594	404	35	3	362	764	1	402	1.79e-150	532
GFJPDDAG_04351	bf9165dd0c067b1bdf0a4949f2c6885a	90.418	407	34	4	362	766	1	404	6.43e-150	531
GFJPDDAG_04351	af6608fb74024bbc10fd02278a55ffaa	90.347	404	39	0	362	765	1	404	6.43e-150	531
GFJPDDAG_04351	23c4550f941801210273ad23851a082f	92.663	368	27	0	539	906	1	368	6.43e-150	531
GFJPDDAG_04351	6b70ed4254fe51a6c4905ceb4aead9dd	91.864	381	27	4	992	1370	1	379	2.31e-149	529
GFJPDDAG_04351	ed7354f43d61ed5d9bde57f4725b2414	91.688	385	24	8	992	1372	1	381	8.32e-149	527
GFJPDDAG_04351	d9564f11be042482526f20b1238d8d93	90.347	404	36	3	362	764	1	402	8.32e-149	527
GFJPDDAG_04351	ad91880fab3f190c90fd2d739a63a6dc	91.667	384	26	6	992	1372	1	381	8.32e-149	527
GFJPDDAG_04351	e9c9b8c783d086417d18525a4bdb757d	91.688	385	23	9	992	1372	2	381	2.99e-148	525
GFJPDDAG_04351	c871b706d551aaeae3e8193898647de9	90.099	404	40	0	362	765	1	404	2.99e-148	525
GFJPDDAG_04351	a97b3978cf9bd0d42143d25a47da6ad2	91.623	382	28	4	992	1370	1	381	2.99e-148	525
GFJPDDAG_04351	8c2fa91395b4b9b4f6e9a88b3fecd12a	92.623	366	25	2	535	900	1	364	2.99e-148	525
GFJPDDAG_04351	4828595f625b7c19ac04305287843ae9	91.864	381	23	8	996	1372	5	381	2.99e-148	525
GFJPDDAG_04351	239b66fb5fc5ccd57dbc561fb05c2268	90.196	408	33	5	362	766	1	404	2.99e-148	525
GFJPDDAG_04351	2198da5fda3f8260827d9f6fc92f0895	90.196	408	33	6	362	766	1	404	2.99e-148	525
GFJPDDAG_04351	0483073b01dc730eb119682a7ec8a3a3	91.688	385	23	9	992	1372	2	381	2.99e-148	525
GFJPDDAG_04351	eb666ff839e914e55100671470226d29	91.429	385	25	8	992	1372	1	381	3.87e-147	521
GFJPDDAG_04351	e239c059ab6574f3b35c324e62ce6c15	92.162	370	27	2	539	908	1	368	3.87e-147	521
GFJPDDAG_04351	b7d2f0076aca6da4c7c05fd5e2650993	92.141	369	29	0	535	903	1	369	3.87e-147	521
GFJPDDAG_04351	80ad769114832405131606dfe983d73f	90.099	404	37	3	362	764	1	402	3.87e-147	521
GFJPDDAG_04351	52c012a2b9e22d5c5e5617b3d130271c	91.534	378	32	0	995	1372	4	381	3.87e-147	521
GFJPDDAG_04351	08e9de554a3f6e5eb87b219d4d08f387	91.384	383	29	4	992	1372	1	381	3.87e-147	521
GFJPDDAG_04351	31a382bda602359a36b76da37d08e633	91.361	382	29	4	992	1370	1	381	1.39e-146	520
GFJPDDAG_04351	1f4066e4eba041bc673fc01e3f4fd2c1	92.162	370	26	3	539	907	1	368	1.39e-146	520
GFJPDDAG_04351	0e5c56ae55dba5290626107944056720	92.120	368	29	0	539	906	1	368	1.39e-146	520
GFJPDDAG_04351	d67a368733e1e186a42389838d15af26	90.746	389	32	3	362	748	1	387	1.80e-145	516
GFJPDDAG_04351	9717251a222119d6db7f501d404d321f	91.123	383	30	4	992	1372	1	381	1.80e-145	516
GFJPDDAG_04351	5d6a81b51b8a565a3e46902e94651c5b	91.123	383	30	4	992	1372	1	381	1.80e-145	516
GFJPDDAG_04351	24c232a36322077e574976366e76419b	91.192	386	25	9	992	1373	1	381	1.80e-145	516
GFJPDDAG_04351	19fb6a274e299369737fb06d233665c0	91.146	384	28	6	992	1372	1	381	1.80e-145	516
GFJPDDAG_04351	f6c74c066e1ceb394d4f47287cd392d4	91.870	369	28	2	91	458	83	450	6.47e-145	514
GFJPDDAG_04351	f6c74c066e1ceb394d4f47287cd392d4	100.000	41	0	0	25	65	1	41	3.62e-13	76.8
GFJPDDAG_04351	eda99d4fc9932431315132ca333c2140	91.848	368	30	0	539	906	1	368	6.47e-145	514
GFJPDDAG_04351	bd6586bab5085f4680f7e2b31a1183cd	91.099	382	29	4	992	1369	1	381	2.33e-144	512
GFJPDDAG_04351	3c301a3db046ee7558a1f9987922e778	90.885	384	31	4	992	1374	1	381	2.33e-144	512
GFJPDDAG_04351	20c844358edd9584b6a0dfb32b1e1036	90.885	384	31	4	992	1374	1	381	2.33e-144	512
GFJPDDAG_04351	d5ff14eef5025f21c1550046a052aa6e	90.885	384	30	5	992	1373	1	381	8.37e-144	510
GFJPDDAG_04351	8311116cf8a7cb3e0ff8d5df1f5fc6c7	90.885	384	29	6	992	1372	1	381	8.37e-144	510
GFJPDDAG_04351	5df5f0fc11d24d519ed0b22ed0f9a112	90.885	384	30	5	992	1373	1	381	8.37e-144	510
GFJPDDAG_04351	2cb3460d30954d4a2d5d02efb3b9a7fb	90.885	384	29	6	992	1372	1	381	8.37e-144	510
GFJPDDAG_04351	4e5435c09b050df50a5a3b3aa7110bb5	90.625	384	32	4	992	1374	1	381	1.08e-142	507
GFJPDDAG_04351	e11e3404804979380960ff15a9dcda67	90.649	385	28	8	992	1372	1	381	3.90e-142	505
GFJPDDAG_04351	4c429ec09b4e7914b177aa922c9ff10b	91.530	366	31	0	535	900	1	366	3.90e-142	505
GFJPDDAG_04351	46270a3946c21f88db8e4ddb9d735c54	90.601	383	32	4	992	1372	1	381	3.90e-142	505
GFJPDDAG_04351	2a09753f6afea03e76aefaaa77de9af7	90.674	386	27	9	992	1373	1	381	3.90e-142	505
GFJPDDAG_04351	28e91754e7677efc120593d898b2eaf9	90.601	383	32	4	992	1372	1	381	3.90e-142	505
GFJPDDAG_04351	e5e6000742ec4d717e3676af1993f0f1	90.551	381	34	2	992	1370	1	381	1.40e-141	503
GFJPDDAG_04351	f55e6a90ee95a8861bb8f2ea88dd71e8	90.415	386	29	8	992	1374	1	381	5.04e-141	501
GFJPDDAG_04351	23c9dee5ab664ea8cf1b13e6b1947f4b	90.551	381	32	4	994	1372	3	381	5.04e-141	501
GFJPDDAG_04351	1dc41ae435751a73121671fdc6d066e2	90.464	388	25	11	992	1374	1	381	5.04e-141	501
GFJPDDAG_04351	cdd2585ec30c335896932767ce6befe9	90.365	384	31	6	992	1372	1	381	1.81e-140	499
GFJPDDAG_04351	53d25033e0800a0f001e3f5e4d5b422d	90.339	383	33	4	992	1372	1	381	1.81e-140	499
GFJPDDAG_04351	3effdb6c26c96515b6315957f7780d46	90.339	383	33	4	992	1372	1	381	1.81e-140	499
GFJPDDAG_04351	3c3179b1807540df219b1842a3d242f9	91.257	366	32	0	535	900	1	366	1.81e-140	499
GFJPDDAG_04351	ad5c621bc11e082bcb4c7a5ca00beb3e	91.436	362	31	0	539	900	1	362	6.52e-140	497
GFJPDDAG_04351	1ee8b77187ef08da762674eca7d90a37	91.033	368	33	0	539	906	1	368	6.52e-140	497
GFJPDDAG_04351	9730f9783c425b54e5e94712741f1120	91.877	357	26	3	1017	1372	27	381	2.34e-139	496
GFJPDDAG_04351	0085bf8745124b938e5b77ed46160765	90.181	387	28	9	992	1374	1	381	2.34e-139	496
GFJPDDAG_04351	d9b857fb04b2f913adc145cbe48017ae	90.155	386	29	9	992	1373	1	381	8.43e-139	494
GFJPDDAG_04351	620e298e3c2ad53febb38b9632052013	90.206	388	24	11	992	1372	1	381	8.43e-139	494
GFJPDDAG_04351	520143589f586e8205093e8cc18f5c50	90.181	387	27	11	992	1373	1	381	8.43e-139	494
GFJPDDAG_04351	11d397334ab923c81b62f6b79f438d17	91.160	362	32	0	539	900	1	362	3.03e-138	492
GFJPDDAG_04351	14fd2c274fa6655b69d3a0aa24c7e062	90.026	381	32	6	995	1373	4	380	3.92e-137	488
GFJPDDAG_04351	4f8220d3b8a65097dfa22cc0237dd5c4	90.884	362	33	0	539	900	1	362	1.41e-136	486
GFJPDDAG_04351	facb931abdcc38feeb67b5d1ad3e82b1	90.608	362	34	0	539	900	1	362	6.57e-135	481
GFJPDDAG_04351	45ae00b92d9432572ac325df6ab57662	90.270	370	32	3	539	906	1	368	6.57e-135	481
GFJPDDAG_04351	420cc243e97c62093a90cd46726ce166	90.244	369	32	4	540	906	2	368	2.36e-134	479
GFJPDDAG_04351	e8993e5f9a3dcc085793cf37cf87a64d	90.000	370	34	3	539	907	1	368	3.05e-133	475
GFJPDDAG_04351	b8a80aa6be16afcfb50ae2ad931abd22	90.358	363	33	2	539	900	1	362	3.05e-133	475
GFJPDDAG_04351	2bacfb9fb2e3d59cf5e216912827a686	90.110	364	32	3	539	900	1	362	1.42e-131	470
GFJPDDAG_04351	a29e035e9201c161bc08cf4818dfeafd	100.000	253	0	0	539	791	1	253	5.11e-131	468
GFJPDDAG_04351	5f294b05b9dbe9b66e2951aa33c52131	92.879	323	21	2	1051	1372	60	381	5.11e-131	468
GFJPDDAG_04351	01abc235c9d94c319fccf10b8d77dc2a	90.476	357	29	5	1017	1370	27	381	1.84e-130	466
GFJPDDAG_04351	7d88cb85b80e0024b54a61e7a6da3bf0	99.605	253	1	0	539	791	1	253	2.38e-129	462
GFJPDDAG_04351	8905c93aa91895058153fabb59a8824f	90.462	346	23	10	1033	1373	41	381	6.66e-125	448
GFJPDDAG_04351	219d652dc1028bd4a63e216fb5f37dd6	91.667	324	25	2	1049	1371	59	381	6.66e-125	448
GFJPDDAG_04351	5f734ff702696292f8cfb3899fd99fd0	91.185	329	23	6	1049	1374	56	381	3.10e-123	442
GFJPDDAG_04351	a8dc5aeb11a8e3f8ac305f73ed6c240e	98.024	253	5	0	539	791	1	253	1.11e-122	440
GFJPDDAG_04351	69289db17c28e4c811efb8f5f2be4b01	98.024	253	5	0	539	791	1	253	1.11e-122	440
GFJPDDAG_04351	cb38bfd2d5ff465418d8917541d4db9a	98.016	252	5	0	539	790	1	252	4.01e-122	438
GFJPDDAG_04351	240a30949d8516a7daf4fcc9ae9409a3	97.628	253	6	0	539	791	1	253	5.18e-121	435
GFJPDDAG_04351	bdf8a26094624622d68509a87fa75ba7	97.233	253	7	0	539	791	1	253	2.41e-119	429
GFJPDDAG_04351	9f04d4582c00cc1372a4a536aaa64d65	97.233	253	7	0	539	791	1	253	2.41e-119	429
GFJPDDAG_04351	5aabc92ea2a22aab9f97495f07b85b97	90.361	332	25	7	1041	1368	49	377	2.41e-119	429
GFJPDDAG_04351	a78ffcd46325ff2deb9e16ce8132d48a	97.222	252	7	0	539	790	1	252	8.68e-119	427
GFJPDDAG_04351	4c3591d159070289f8bfc13158cac121	96.154	260	10	0	362	621	1	260	3.12e-118	425
GFJPDDAG_04351	dd6549da7e42e03da9992ef2db62b1c0	96.838	253	8	0	539	791	1	253	1.12e-117	424
GFJPDDAG_04351	8630154f745ba598cdab0bbc4abb4e54	96.838	253	8	0	539	791	1	253	1.12e-117	424
GFJPDDAG_04351	84aa33e61acfdfb070a8fafc874e0e8f	90.432	324	27	3	1054	1374	59	381	1.12e-117	424
GFJPDDAG_04351	3c6f444a4ae501a36adfb9c0977bc423	90.432	324	27	4	1054	1374	59	381	1.12e-117	424
GFJPDDAG_04351	05e4f40f4ef41c503a38c4ec58d3ccf8	96.838	253	8	0	539	791	1	253	1.12e-117	424
GFJPDDAG_04351	60849ba80eaecd4f405a5e2ea8560efc	95.769	260	11	0	362	621	1	260	1.45e-116	420
GFJPDDAG_04351	4a0ba7986f0282c31ff160c5e0aa98c2	90.373	322	27	4	1051	1369	61	381	1.45e-116	420
GFJPDDAG_04351	a091e4f5cf3f9d800144f7d0820c9b71	90.123	324	28	4	1054	1374	59	381	5.22e-116	418
GFJPDDAG_04351	62c90bb70a573faf8972d436b7eaf6d6	96.443	253	9	0	539	791	1	253	5.22e-116	418
GFJPDDAG_04351	4166e95669ac3acdda2a0d087499ae07	96.443	253	9	0	539	791	1	253	5.22e-116	418
GFJPDDAG_04351	0c4975c2e60146f34fa59ece7c08c95f	90.123	324	28	4	1054	1374	59	381	5.22e-116	418
GFJPDDAG_04351	7426f993f441c263f3745694ad2a2ddd	90.062	322	29	3	1052	1371	59	379	6.75e-115	414
GFJPDDAG_04351	554345c10941538d3c323777253ee02d	96.047	253	10	0	539	791	1	253	2.43e-114	412
GFJPDDAG_04351	33295f1846cff2bf9c88e15798fbc91d	96.047	253	10	0	539	791	1	253	2.43e-114	412
GFJPDDAG_04351	2b29ba5f427cdeaa68b1e20b5f3532ae	90.000	320	30	1	1051	1368	60	379	2.43e-114	412
GFJPDDAG_04351	bf0769261db3e3b6c2dd0581481d3ca7	96.032	252	10	0	539	790	1	252	8.74e-114	411
GFJPDDAG_04351	9170143295e4485d2e413fc0f0116f77	95.652	253	11	0	539	791	1	253	1.13e-112	407
GFJPDDAG_04351	83e948f389f9d97b0c975afc880989e8	95.652	253	11	0	539	791	1	253	1.13e-112	407
GFJPDDAG_04351	61f1bf165ebf6d9e9351f6e27154f231	95.652	253	11	0	539	791	1	253	1.13e-112	407
GFJPDDAG_04351	5accc17c5cb4d54fa36298c5d6db3751	95.652	253	11	0	539	791	1	253	1.13e-112	407
GFJPDDAG_04351	3d75053a4fa7e73a982a7fe7cc21a87d	95.652	253	11	0	539	791	1	253	1.13e-112	407
GFJPDDAG_04351	f7a1bde751457e76a6fd855df0b7946f	95.635	252	11	0	539	790	1	252	4.07e-112	405
GFJPDDAG_04351	054ff923988f3149da9b52e9ddc29eee	95.635	252	11	0	539	790	1	252	4.07e-112	405
GFJPDDAG_04351	cbd0d5c056928faae9bd087311b9accf	95.257	253	12	0	539	791	1	253	5.26e-111	401
GFJPDDAG_04351	b8c545c99dea06d010eb0bf2c6572d1c	95.257	253	12	0	539	791	1	253	5.26e-111	401
GFJPDDAG_04351	31c862c1b2e0ffdd72b11a0b50c208f6	95.257	253	12	0	539	791	1	253	5.26e-111	401
GFJPDDAG_04351	2bd9309f2f97cae51d18d06ea1ca519a	95.257	253	12	0	539	791	1	253	5.26e-111	401
GFJPDDAG_04351	1b252fd446d25647aa2db66ac34342b0	95.257	253	12	0	539	791	1	253	5.26e-111	401
GFJPDDAG_04351	c487f9c85288911b64a03ce4a61e4c72	95.238	252	12	0	539	790	1	252	1.89e-110	399
GFJPDDAG_04351	e6ddae362b69b93118bceb9ecf0d5de2	94.862	253	13	0	539	791	1	253	2.45e-109	396
GFJPDDAG_04351	cb5981927871d7095ecf0eef0840a2c0	94.862	253	13	0	539	791	1	253	2.45e-109	396
GFJPDDAG_04351	922d33a2963d3e87a3d4df6b82371235	94.862	253	13	0	539	791	1	253	2.45e-109	396
GFJPDDAG_04351	89deceb25a25768036f97853cddfb8d9	94.862	253	13	0	539	791	1	253	2.45e-109	396
GFJPDDAG_04351	26005dfb7ad2e8cdbb139846af329663	94.862	253	13	0	539	791	1	253	2.45e-109	396
GFJPDDAG_04351	16eff35eafb00be43ead5fd482b913c6	94.862	253	13	0	539	791	1	253	2.45e-109	396
GFJPDDAG_04351	63c6b304ca20ebfc6f602d5a9802b1a3	94.841	252	13	0	539	790	1	252	8.80e-109	394
GFJPDDAG_04351	2d3b51d174e798a51041d884fd9c9a04	94.841	252	13	0	539	790	1	252	8.80e-109	394
GFJPDDAG_04351	ad4cba5280fb47cbebea01e7031af61c	94.466	253	14	0	539	791	1	253	1.14e-107	390
GFJPDDAG_04351	88f380177c2361f60b7fe930911fec0c	94.466	253	14	0	539	791	1	253	1.14e-107	390
GFJPDDAG_04351	85c44c83eddc5d3028261a1000b7d0e1	94.466	253	14	0	539	791	1	253	1.14e-107	390
GFJPDDAG_04351	785b42b161de7610e25817c850d0966d	94.466	253	14	0	539	791	1	253	1.14e-107	390
GFJPDDAG_04351	60828e70a7f4f35c0badbbf562c86621	94.466	253	14	0	539	791	1	253	1.14e-107	390
GFJPDDAG_04351	12b572e28712bf3afe82fa02c4631167	94.466	253	14	0	539	791	1	253	1.14e-107	390
GFJPDDAG_04351	6f61a113cab58d7cce0dcf2fa091308f	94.444	252	14	0	539	790	1	252	4.09e-107	388
GFJPDDAG_04351	f0a2f6acf476be1b31b832b83529d6c5	94.071	253	15	0	539	791	1	253	5.30e-106	385
GFJPDDAG_04351	ac13d35634b5bcd984c70211df5fd8b9	94.071	253	15	0	539	791	1	253	5.30e-106	385
GFJPDDAG_04351	65d43491988bfe557da4d86a5ba25dae	94.071	253	15	0	539	791	1	253	5.30e-106	385
GFJPDDAG_04351	5a02285e1410c91ec5f7a40a5f76698d	94.071	253	15	0	539	791	1	253	5.30e-106	385
GFJPDDAG_04351	3e9f4569c6a497528a6eebff28f3ad29	94.071	253	15	0	539	791	1	253	5.30e-106	385
GFJPDDAG_04351	26c6e3ed14694582e207478c1f23c21f	94.071	253	15	0	539	791	1	253	5.30e-106	385
GFJPDDAG_04351	799b4308ac6b3570302274b3843bbbba	94.048	252	15	0	539	790	1	252	1.90e-105	383
GFJPDDAG_04351	4f937d63adb104a783ca0ebab35f480d	94.048	252	15	0	539	790	1	252	1.90e-105	383
GFJPDDAG_04351	1a83e04ba62280c07a5e8d082ca71f21	93.182	264	11	5	362	622	1	260	6.85e-105	381
GFJPDDAG_04351	ef895df20b206f18958deae8a189264d	93.676	253	16	0	539	791	1	253	2.46e-104	379
GFJPDDAG_04351	65641452be75528754b5ae258ba661c1	93.676	253	16	0	539	791	1	253	2.46e-104	379
GFJPDDAG_04351	27924442da6f176087d66dac582edb6c	93.676	253	16	0	539	791	1	253	2.46e-104	379
GFJPDDAG_04351	f0ff6b41e29b0bc47cd1240f8b52dfea	93.281	253	17	0	539	791	1	253	1.15e-102	374
GFJPDDAG_04351	c9a1db21a25710cd78ed0c9ce254097c	93.281	253	17	0	539	791	1	253	1.15e-102	374
GFJPDDAG_04351	44cf3d3e7a91fb698ee87c3808f9b1bd	93.281	253	17	0	539	791	1	253	1.15e-102	374
GFJPDDAG_04351	651d9a773d5fc2e2b20411b9d7c28e0b	92.885	253	18	0	539	791	1	253	5.33e-101	368
GFJPDDAG_04351	6069fe9237022c0ef05c4f8bc535280b	92.913	254	16	2	539	791	1	253	5.33e-101	368
GFJPDDAG_04351	6539f59062d16f8454aa0eeb82a123c1	92.095	253	20	0	539	791	1	253	1.15e-97	357
GFJPDDAG_04351	3de3cf8cdbef952a7a59190b9ded7849	92.095	253	20	0	539	791	1	253	1.15e-97	357
GFJPDDAG_04351	5b1a5e9b96e6f2cb24e418ab9c368058	92.063	252	20	0	539	790	1	252	4.15e-97	355
GFJPDDAG_04351	86748e6e46eddb955f6918863b3cf191	91.732	254	19	2	539	791	1	253	5.37e-96	351
GFJPDDAG_04351	25fe23e989514e818f4bc1f680ad6da1	91.700	253	21	0	539	791	1	253	5.37e-96	351
GFJPDDAG_04351	8e7894dbe0b5fb251c307c6564ef901c	91.667	252	21	0	539	790	1	252	1.93e-95	350
GFJPDDAG_04351	2b6be10b0059633419bfeee39247fc01	91.667	252	21	0	539	790	1	252	1.93e-95	350
GFJPDDAG_04351	b5260d5852b07379c6cb212dcd88696a	90.909	264	17	5	362	622	1	260	6.95e-95	348
GFJPDDAG_04351	1763dbd2ac5b6c96acebc480d8bcc4a2	91.304	253	22	0	539	791	1	253	2.50e-94	346
GFJPDDAG_04351	e95f1015e42cb52cf5cedd613f4f53a4	91.270	252	22	0	539	790	1	252	8.99e-94	344
GFJPDDAG_04351	eaa49f63ba098261520bb42dde240cee	93.833	227	14	0	231	457	177	403	3.23e-93	342
GFJPDDAG_04351	eaa49f63ba098261520bb42dde240cee	100.000	38	0	0	25	62	1	38	1.68e-11	71.3
GFJPDDAG_04351	c8cebcdb4413a4d1d0939a7776cfe715	93.833	227	14	0	231	457	177	403	3.23e-93	342
GFJPDDAG_04351	c8cebcdb4413a4d1d0939a7776cfe715	100.000	38	0	0	25	62	1	38	1.68e-11	71.3
GFJPDDAG_04351	1c73e1dd8862b6fdbc044d6e0d9ecc26	90.909	253	23	0	539	791	1	253	1.16e-92	340
GFJPDDAG_04351	7318712873b4141bd8afb114e17285f1	90.873	252	23	0	539	790	1	252	4.18e-92	339
GFJPDDAG_04351	089dd85916c91b0090fa665b526cda7c	90.873	252	23	0	539	790	1	252	4.18e-92	339
GFJPDDAG_04351	bc6c345a2feb70d3210ba7f89530c5b0	90.514	253	24	0	539	791	1	253	5.41e-91	335
GFJPDDAG_04351	d4a6a0bb076d9b392cf0ca0865b7fd18	92.478	226	17	0	231	456	192	417	1.17e-87	324
GFJPDDAG_04351	6aa71f6f59a847344361dcb544a29290	90.625	192	16	2	231	421	203	393	1.56e-66	254
GFJPDDAG_04351	d5718d5f15fc4328e6b87db794471902	90.104	192	17	2	231	421	203	393	7.25e-65	248
GFJPDDAG_04351	d447fc20468372d536e07be55b58f1ac	90.710	183	15	2	240	421	212	393	3.37e-63	243
GFJPDDAG_04351	d0535f9732608bec416889feab3b272c	90.270	185	16	2	238	421	206	389	1.21e-62	241
GFJPDDAG_04351	34ca165929265d37a69c78fdccc727f8	90.270	185	16	2	238	421	206	389	1.21e-62	241
GFJPDDAG_04351	b283355ce3a8058e0d5607c01c96d5e2	91.011	89	8	0	364	452	3	91	1.65e-26	121
GFJPDDAG_04351	d345426cad8692b55e54f5996f4ffbae	90.278	72	5	2	366	436	5	75	3.59e-18	93.5
GFJPDDAG_04351	29f9e85e56fe2a2ed08f48f9f7f35502	100.000	38	0	0	25	62	1	38	1.68e-11	71.3
