93ID40_00732178_00732178.ab1	c9fb444f20b8bdd29476e77524718487	99.257	404	3	0	328	731	1	404	0.0	730
93ID40_00732178_00732178.ab1	3eee32780f5cbddf77ffd6b0408daff1	99.010	404	4	0	328	731	1	404	0.0	725
93ID40_00732178_00732178.ab1	fab224b87656f6fd2ecbfe1a50489478	98.762	404	5	0	328	731	1	404	0.0	719
93ID40_00732178_00732178.ab1	0aff2edc773b205e44ce88bd655c75cc	98.762	404	5	0	328	731	1	404	0.0	719
93ID40_00732178_00732178.ab1	696d70b9db7e7a110555518824c554fc	97.772	404	9	0	328	731	1	404	0.0	697
93ID40_00732178_00732178.ab1	72cd6eef3ffbed2ce349022b97810ffa	97.030	404	12	0	328	731	1	404	0.0	680
93ID40_00732178_00732178.ab1	216718c31acf417e005f00064471ce95	100.000	368	0	0	505	872	1	368	0.0	680
93ID40_00732178_00732178.ab1	c7e13cdb44b9bb4e8cce553e47c42a49	96.782	404	13	0	328	731	1	404	0.0	675
93ID40_00732178_00732178.ab1	3f850400452c8d9241a3b548530371e9	96.782	404	13	0	328	731	1	404	0.0	675
93ID40_00732178_00732178.ab1	fd17cb63ff0107b5799565c7114f2592	96.535	404	14	0	328	731	1	404	0.0	669
93ID40_00732178_00732178.ab1	e82df5e2ef54ac1a54c75f8a48f2a590	99.458	369	1	1	505	873	1	368	0.0	669
93ID40_00732178_00732178.ab1	2a2999baa93308091d835444994977a8	96.287	404	15	0	328	731	1	404	0.0	664
93ID40_00732178_00732178.ab1	a6d77a81a432e6bdce2c7d1c9d4f5422	96.040	404	16	0	328	731	1	404	0.0	658
93ID40_00732178_00732178.ab1	46003785ba2bab5ba00cdc20ae77c24b	96.040	404	16	0	328	731	1	404	0.0	658
93ID40_00732178_00732178.ab1	b012031e020e76bcad229a63ed006481	95.792	404	17	0	328	731	1	404	0.0	652
93ID40_00732178_00732178.ab1	6d09ed5f95afccb07f511c4a9faf5437	95.792	404	17	0	328	731	1	404	0.0	652
93ID40_00732178_00732178.ab1	45d5d16d4e366c2350e719826ead044d	95.802	405	15	2	328	731	1	404	0.0	652
93ID40_00732178_00732178.ab1	3c42fe6923e55f551245ff6ec8eb1b29	95.792	404	17	0	328	731	1	404	0.0	652
93ID40_00732178_00732178.ab1	2ddb67c2ce40df545e3cd7dac0fa96f1	95.792	404	17	0	328	731	1	404	0.0	652
93ID40_00732178_00732178.ab1	f26c500ef3975f7fa9c9dcc36aed0541	95.782	403	15	2	328	729	1	402	0.0	649
93ID40_00732178_00732178.ab1	e0e7e0fa57108e55678c317b8ade9fad	95.545	404	18	0	328	731	1	404	0.0	647
93ID40_00732178_00732178.ab1	d2831a464d71a2901def88ecdb22b257	95.545	404	18	0	328	731	1	404	0.0	647
93ID40_00732178_00732178.ab1	cc90f76bce13bb6907f809c81aeff14d	98.370	368	6	0	505	872	1	368	0.0	647
93ID40_00732178_00732178.ab1	00d9c1e0c88be9decd3e18f4b6e29f79	95.545	404	18	0	328	731	1	404	0.0	647
93ID40_00732178_00732178.ab1	056f0cadb1ab376b889a5f39589cc25a	95.522	402	18	0	328	729	1	402	0.0	643
93ID40_00732178_00732178.ab1	d7bf00586a507bda26201493260d34f5	95.297	404	19	0	328	731	1	404	0.0	641
93ID40_00732178_00732178.ab1	c4b7db9da60da87ac900a1d8804496b4	95.297	404	19	0	328	731	1	404	0.0	641
93ID40_00732178_00732178.ab1	a4a774845a43c7b11b8c98b62e13c270	95.297	404	19	0	328	731	1	404	0.0	641
93ID40_00732178_00732178.ab1	7adceb5560b88a9c770ae846235030f7	95.297	404	19	0	328	731	1	404	0.0	641
93ID40_00732178_00732178.ab1	457f7192f1613ea4cb813e540f3ae7de	95.332	407	14	3	328	732	1	404	0.0	641
93ID40_00732178_00732178.ab1	323e8516a00887c3565620e41ac76929	95.332	407	14	4	328	732	1	404	0.0	641
93ID40_00732178_00732178.ab1	dc69efec9a1010963d9534dee83789d5	98.093	367	7	0	501	867	1	367	0.0	640
93ID40_00732178_00732178.ab1	8b96334daae83da6521fcca81c03df9a	95.050	404	20	0	328	731	1	404	0.0	636
93ID40_00732178_00732178.ab1	6a7aae206420b4b83a6f921997e0723c	95.050	404	20	0	328	731	1	404	0.0	636
93ID40_00732178_00732178.ab1	47f095f4375ed1517f72aa608632f472	95.086	407	15	3	328	732	1	404	0.0	636
93ID40_00732178_00732178.ab1	1f0133ee8a98abb964259dca1495ab77	97.826	368	8	0	505	872	1	368	0.0	636
93ID40_00732178_00732178.ab1	ebc5ed21a4f0f8133d924c4564311b30	95.050	404	19	1	328	730	1	404	0.0	634
93ID40_00732178_00732178.ab1	6cec7e2eb0352c5ec8248f2c6c1c2b91	97.820	367	8	0	501	867	1	367	0.0	634
93ID40_00732178_00732178.ab1	45796fd0e9869f9f9707398cc8622f41	95.025	402	20	0	328	729	1	402	1.29e-180	632
93ID40_00732178_00732178.ab1	0da88c09a3ce90a8277a11a6b7b24448	94.840	407	17	3	328	733	1	404	1.29e-180	632
93ID40_00732178_00732178.ab1	abd053c49269da1fe755a5908b8508e7	94.840	407	16	4	328	732	1	404	4.64e-180	630
93ID40_00732178_00732178.ab1	a28a1fcc01e857b9fa239d4b0b5908d9	94.815	405	19	2	328	731	1	404	4.64e-180	630
93ID40_00732178_00732178.ab1	a0e0e35948b520a0b2d1533db56203cb	97.554	368	9	0	505	872	1	368	4.64e-180	630
93ID40_00732178_00732178.ab1	81d2320475cfbbd5bf8818e2a4110076	94.802	404	21	0	328	731	1	404	4.64e-180	630
93ID40_00732178_00732178.ab1	6cff5725a1b101f93f77c427c2c0007e	94.802	404	21	0	328	731	1	404	4.64e-180	630
93ID40_00732178_00732178.ab1	0d584200a8ee278cef9c6685a9b0dd5b	94.802	404	21	0	328	731	1	404	4.64e-180	630
93ID40_00732178_00732178.ab1	b448e12597eb92e88e0f9e4d4adb0127	94.595	407	17	3	328	732	1	404	2.16e-178	625
93ID40_00732178_00732178.ab1	9356dfbe0dc2e37470be894403dab0dd	94.568	405	20	2	328	731	1	404	2.16e-178	625
93ID40_00732178_00732178.ab1	5c8bec034cb9b3012940edd56f6c9f19	94.568	405	20	2	328	731	1	404	2.16e-178	625
93ID40_00732178_00732178.ab1	e773324e24b574376da66e298c91c178	94.554	404	21	1	328	730	1	404	7.77e-178	623
93ID40_00732178_00732178.ab1	c0d10444efdeba84eb3b403d806fcbee	94.349	407	19	3	328	733	1	404	2.79e-177	621
93ID40_00732178_00732178.ab1	808eb6692c0b1c507ec6c11f573ce97c	94.335	406	21	1	328	733	1	404	2.79e-177	621
93ID40_00732178_00732178.ab1	4e8ac4fb6c22f24a0e3b9fb1de3f3201	94.349	407	19	3	328	733	1	404	2.79e-177	621
93ID40_00732178_00732178.ab1	37f16c0a35bfa6c2ee975748c88d8d8d	94.363	408	17	4	328	733	1	404	2.79e-177	621
93ID40_00732178_00732178.ab1	189f47c45e1ab8d8bdbb2c24504932e8	94.335	406	21	1	328	733	1	404	2.79e-177	621
93ID40_00732178_00732178.ab1	85e6c782309d88e4b5c57b413dec2678	94.349	407	18	3	328	732	1	404	1.00e-176	619
93ID40_00732178_00732178.ab1	2eeb7842f2289f26042544c09dba02e9	97.011	368	11	0	505	872	1	368	1.00e-176	619
93ID40_00732178_00732178.ab1	2009a8820fb873bf51d21e9fee0d5cca	94.307	404	23	0	328	731	1	404	1.00e-176	619
93ID40_00732178_00732178.ab1	037683c843c1ccbbd7e7b7e187e3a1f0	94.307	404	23	0	328	731	1	404	1.00e-176	619
93ID40_00732178_00732178.ab1	a8f3a2d839fff9262c4fef64f5e7d3af	97.003	367	11	0	501	867	1	367	3.61e-176	617
93ID40_00732178_00732178.ab1	d25d0298c80ed3b0d189fc7cb0a2f864	94.089	406	22	1	328	733	1	404	1.30e-175	616
93ID40_00732178_00732178.ab1	b1b243537b02e4b94a3afacfb79df38d	94.293	403	22	1	328	730	1	402	1.30e-175	616
93ID40_00732178_00732178.ab1	ed623d6468f792981f485de5549ccac0	94.059	404	24	0	328	731	1	404	4.67e-175	614
93ID40_00732178_00732178.ab1	b0f08cc8ce09f1fc4d9cf101a2c0d5c4	96.739	368	12	0	505	872	1	368	4.67e-175	614
93ID40_00732178_00732178.ab1	af79db2af6bb189b289c43eb499ba56c	96.739	368	12	0	505	872	1	368	4.67e-175	614
93ID40_00732178_00732178.ab1	421e9795ad1cf8677a6995dc195fc188	94.103	407	19	4	328	732	1	404	4.67e-175	614
93ID40_00732178_00732178.ab1	314200d622e9b95dc10e034a706b0227	94.059	404	24	0	328	731	1	404	4.67e-175	614
93ID40_00732178_00732178.ab1	f6bfac191c7fac33255c1167cc448142	94.074	405	20	3	328	731	1	402	1.68e-174	612
93ID40_00732178_00732178.ab1	e807eb5bdb8061be4543532b9210a888	94.074	405	20	3	328	731	1	402	1.68e-174	612
93ID40_00732178_00732178.ab1	dc291cadffe005e6381724e3ec850864	94.059	404	22	1	328	731	1	402	1.68e-174	612
93ID40_00732178_00732178.ab1	be05922d22b4658042aa3f4ff03ade89	94.059	404	22	1	328	731	1	402	1.68e-174	612
93ID40_00732178_00732178.ab1	65d1bf3be51bb9868cd7791c49af098b	94.074	405	20	3	328	731	1	402	1.68e-174	612
93ID40_00732178_00732178.ab1	33b470d5e9101284c12fbefbd0f27fa7	93.857	407	21	3	328	733	1	404	6.05e-174	610
93ID40_00732178_00732178.ab1	18309043bcf28fb0c40e8b7851c33f12	93.857	407	21	3	328	733	1	404	6.05e-174	610
93ID40_00732178_00732178.ab1	cdce3174721fc7166e973aadf52e2741	93.857	407	20	4	328	732	1	404	2.17e-173	608
93ID40_00732178_00732178.ab1	b5995e732d032fbe3578f287c07908cb	93.857	407	20	3	328	732	1	404	2.17e-173	608
93ID40_00732178_00732178.ab1	601d9ef829751704d92daa4658980996	93.812	404	25	0	328	731	1	404	2.17e-173	608
93ID40_00732178_00732178.ab1	06c728e5b0374fe1a9ca90578f7a26ce	93.857	407	20	3	328	732	1	404	2.17e-173	608
93ID40_00732178_00732178.ab1	fe7209846fca6f937f78bada4297d5e0	93.827	405	21	3	328	731	1	402	7.82e-173	606
93ID40_00732178_00732178.ab1	8b46979b766058a108d3f088b5587da9	93.827	405	21	3	328	731	1	402	7.82e-173	606
93ID40_00732178_00732178.ab1	58eb624fc3dea0ddc827a0aa866ddf47	93.827	405	21	3	328	731	1	402	7.82e-173	606
93ID40_00732178_00732178.ab1	56ea00a14f001511b87368a0aea1a1c0	93.827	405	21	3	328	731	1	402	7.82e-173	606
93ID40_00732178_00732178.ab1	3c4d296723ad3fa97e44dc21c245f0d6	93.812	404	23	1	328	731	1	402	7.82e-173	606
93ID40_00732178_00732178.ab1	0748776d4fc50dd9d7e06be6d37b9355	93.812	404	23	2	328	731	1	402	7.82e-173	606
93ID40_00732178_00732178.ab1	7a36f696acd2c40334b50ae7c70b8461	93.612	407	22	3	328	733	1	404	2.81e-172	604
93ID40_00732178_00732178.ab1	327337cf3c3c6369a323bda3977afde9	93.612	407	22	3	328	733	1	404	2.81e-172	604
93ID40_00732178_00732178.ab1	aabf195b9d1dcdbdd15167133b4bf86c	93.564	404	26	0	328	731	1	404	1.01e-171	603
93ID40_00732178_00732178.ab1	96d537f4381eba787e811681dea9691c	96.196	368	14	0	505	872	1	368	1.01e-171	603
93ID40_00732178_00732178.ab1	5eaa8cf31dfebb6616183bce98f17530	96.196	368	14	0	505	872	1	368	1.01e-171	603
93ID40_00732178_00732178.ab1	3d3e8178cd5ffb284429765a6238e20f	93.612	407	21	3	328	732	1	404	1.01e-171	603
93ID40_00732178_00732178.ab1	e5e858cb40ba6febf1b4d6ea30f4adae	93.366	407	23	3	328	733	1	404	1.31e-170	599
93ID40_00732178_00732178.ab1	958c911ee53629adb7e67ac6f7ec38f4	96.175	366	14	0	501	866	1	366	1.31e-170	599
93ID40_00732178_00732178.ab1	5bdced97905380bed97a9b1a427571b3	93.580	405	21	3	328	730	1	402	1.31e-170	599
93ID40_00732178_00732178.ab1	034e6f00cd3d5555bc296af985b48ea3	93.366	407	23	3	328	733	1	404	1.31e-170	599
93ID40_00732178_00732178.ab1	f9481eabd4bb37ab48aaed82e75d5074	93.333	405	25	2	328	731	1	404	4.71e-170	597
93ID40_00732178_00732178.ab1	ec99762c99dd5e0b9218cc71298aafee	93.382	408	20	5	328	732	1	404	4.71e-170	597
93ID40_00732178_00732178.ab1	e17cfce250fe339a31e3ee5d44506fd6	93.317	404	27	0	328	731	1	404	4.71e-170	597
93ID40_00732178_00732178.ab1	7cebe4bc7b97ca850277eccbdb84d976	93.382	408	20	5	328	732	1	404	4.71e-170	597
93ID40_00732178_00732178.ab1	6be2e68becd238b7651324b785fa2b1a	96.409	362	13	0	505	866	1	362	4.71e-170	597
93ID40_00732178_00732178.ab1	4fb4af722997cb4bb1e8afaecf9855ea	93.366	407	22	4	328	732	1	404	4.71e-170	597
93ID40_00732178_00732178.ab1	3619ad46f43efbf367b5dc8b3f999e5d	93.366	407	22	3	328	732	1	404	4.71e-170	597
93ID40_00732178_00732178.ab1	1d53cf6fdec5ce35cd2b8ce9ed1e728c	95.935	369	14	1	505	873	1	368	4.71e-170	597
93ID40_00732178_00732178.ab1	7e183490a47981c67d7359fac769d7e0	95.913	367	15	0	501	867	1	367	1.69e-169	595
93ID40_00732178_00732178.ab1	e33dcd583d407156feccb9806139d22d	95.902	366	15	0	501	866	1	366	6.09e-169	593
93ID40_00732178_00732178.ab1	e2f3776e2b2b185f5dbbc861e3de34c2	93.154	409	20	5	328	733	1	404	6.09e-169	593
93ID40_00732178_00732178.ab1	797de2136e250706667590cc7178336b	93.317	404	24	3	328	730	1	402	6.09e-169	593
93ID40_00732178_00732178.ab1	367470117f566f28ebf8b9695db42940	93.333	405	22	4	328	730	1	402	6.09e-169	593
93ID40_00732178_00732178.ab1	260e15e9e169671fa1474a90807c483c	93.120	407	24	3	328	733	1	404	6.09e-169	593
93ID40_00732178_00732178.ab1	d2fecb1bbeedf8ec60966a84952c0421	95.652	368	16	0	505	872	1	368	2.19e-168	592
93ID40_00732178_00732178.ab1	8f87972fe57a184eea9c95e3466c1546	93.120	407	23	4	328	732	1	404	2.19e-168	592
93ID40_00732178_00732178.ab1	5fc15a9dd8f7824a5552af38e110e899	93.120	407	23	4	328	732	1	404	2.19e-168	592
93ID40_00732178_00732178.ab1	3888a02a3b2e1519f62d57c9edd4b5ff	95.652	368	16	0	505	872	1	368	2.19e-168	592
93ID40_00732178_00732178.ab1	f358a735e5f9583b9c996a4615d964e9	93.086	405	23	4	328	730	1	402	2.83e-167	588
93ID40_00732178_00732178.ab1	efb15107df0f9540732eae58526fea74	93.086	405	23	4	328	730	1	402	2.83e-167	588
93ID40_00732178_00732178.ab1	7448d6dbf9d32e525a51ffdbd13be0f4	93.103	406	21	5	328	730	1	402	2.83e-167	588
93ID40_00732178_00732178.ab1	ebfaca586268fd89ac22066f22060b0d	95.856	362	15	0	505	866	1	362	1.02e-166	586
93ID40_00732178_00732178.ab1	cdb4cd7a541261bea72355aa334047cf	95.856	362	15	0	505	866	1	362	1.02e-166	586
93ID40_00732178_00732178.ab1	1d5e202c22359ea5d807aaffd7369228	92.875	407	24	3	328	732	1	404	1.02e-166	586
93ID40_00732178_00732178.ab1	f6584bfe111454491a7fdbe651e67aa2	95.122	369	18	0	501	869	1	369	1.32e-165	582
93ID40_00732178_00732178.ab1	a70f9c0595a4cc2680cfbe5f8803d3ca	92.840	405	24	4	328	730	1	402	1.32e-165	582
93ID40_00732178_00732178.ab1	83f5ad663a2b871035f748cdfc56c251	92.804	403	28	1	328	730	1	402	1.32e-165	582
93ID40_00732178_00732178.ab1	691228438640d0151856c3c5a2a0c9ae	95.355	366	17	0	501	866	1	366	1.32e-165	582
93ID40_00732178_00732178.ab1	422e0b5ad2fa08e92876a892756e820f	95.135	370	16	2	505	874	1	368	1.32e-165	582
93ID40_00732178_00732178.ab1	e8c2f0cc70dcc91ece9038626721a182	95.592	363	15	1	505	866	1	363	4.74e-165	580
93ID40_00732178_00732178.ab1	e0c9b5e56948c2f7d30191633463b6e1	92.593	405	28	2	328	731	1	404	4.74e-165	580
93ID40_00732178_00732178.ab1	5d34b94ddc5c9a910576a6d77c1002b4	92.593	405	29	1	328	732	1	404	4.74e-165	580
93ID40_00732178_00732178.ab1	b57aac7997e05852c8c92b4a0d0b404f	92.593	405	25	5	328	730	1	402	6.13e-164	577
93ID40_00732178_00732178.ab1	9e2312d6a5bf061f9c45f5f83946fca4	92.593	405	25	5	328	730	1	402	6.13e-164	577
93ID40_00732178_00732178.ab1	780aec3be72a0ed246b147e77bb38210	92.593	405	25	5	328	730	1	402	6.13e-164	577
93ID40_00732178_00732178.ab1	77a9db5e14900aa8c7b33e70c3a04ceb	92.574	404	27	3	328	730	1	402	6.13e-164	577
93ID40_00732178_00732178.ab1	42818c8027757b4aed844d3d7e635768	92.574	404	27	3	328	730	1	402	6.13e-164	577
93ID40_00732178_00732178.ab1	3d2ca478ad082301cdb96b22cace889a	95.082	366	18	0	501	866	1	366	6.13e-164	577
93ID40_00732178_00732178.ab1	06e188c5d2f54f9d78dcaaf0e7db383b	92.574	404	27	3	328	730	1	402	6.13e-164	577
93ID40_00732178_00732178.ab1	05079f99b064ea55975f29b1846c0a20	92.556	403	29	1	328	730	1	402	6.13e-164	577
93ID40_00732178_00732178.ab1	e45170246f12a52a8768c14396fe6a3b	92.365	406	28	3	328	732	1	404	2.21e-163	575
93ID40_00732178_00732178.ab1	b906c9c863d22b56355e7cf65a3a2604	95.304	362	17	0	505	866	1	362	2.21e-163	575
93ID40_00732178_00732178.ab1	59e85809d220ff30858c3b426dcf665f	95.304	362	17	0	505	866	1	362	2.21e-163	575
93ID40_00732178_00732178.ab1	287f7bc9067a4aa19a2f1a9d134a4878	94.837	368	19	0	505	872	1	368	2.21e-163	575
93ID40_00732178_00732178.ab1	04e859a22aa531c58ba9efc6c9b79498	95.304	362	17	0	505	866	1	362	2.21e-163	575
93ID40_00732178_00732178.ab1	deb0d2d018033c654671207b642881fb	92.327	404	28	3	328	730	1	402	2.85e-162	571
93ID40_00732178_00732178.ab1	dc59bf9a3223695cf4e4dd406fd9debb	92.346	405	26	5	328	730	1	402	2.85e-162	571
93ID40_00732178_00732178.ab1	a090572978293767aeb5872f15af94cf	92.346	405	26	5	328	730	1	402	2.85e-162	571
93ID40_00732178_00732178.ab1	291015a08e4527ad3b674f8a4ef50858	92.346	405	26	5	328	730	1	402	2.85e-162	571
93ID40_00732178_00732178.ab1	1df500af4e61d960fd097c39fd83f968	92.346	405	26	5	328	730	1	402	2.85e-162	571
93ID40_00732178_00732178.ab1	19db51b18e356d4bf8a9f670ba99e598	92.327	404	28	3	328	730	1	402	2.85e-162	571
93ID40_00732178_00732178.ab1	09458a416677d5dea1def938149d54ac	92.346	405	26	5	328	730	1	402	2.85e-162	571
93ID40_00732178_00732178.ab1	ba0f3d6b32058cb24fb070bc92b38320	94.565	368	20	0	505	872	1	368	1.03e-161	569
93ID40_00732178_00732178.ab1	d3883ae1332c0811014b781cfff6916a	94.550	367	20	0	501	867	1	367	3.69e-161	568
93ID40_00732178_00732178.ab1	4a93002d810e82db11aaec85eb56ef3f	93.717	382	19	3	328	707	1	379	3.69e-161	568
93ID40_00732178_00732178.ab1	d81b240bce6fc0739fddecdbda73bbe3	94.324	370	19	2	505	874	1	368	1.33e-160	566
93ID40_00732178_00732178.ab1	898cff8d84eaab37d1d7607225ec5df2	92.079	404	29	3	328	730	1	402	1.33e-160	566
93ID40_00732178_00732178.ab1	76273c97e023abb4e861321cd3378b9f	94.324	370	19	2	501	869	1	369	1.33e-160	566
93ID40_00732178_00732178.ab1	6a648abb91ab818bc997db62b4738860	94.536	366	20	0	501	866	1	366	1.33e-160	566
93ID40_00732178_00732178.ab1	5ca752fa80fa92cc5065872a4ed01901	92.099	405	27	4	328	730	1	402	1.33e-160	566
93ID40_00732178_00732178.ab1	5ace2c6aaa411104633773b8f8303fb4	92.079	404	29	3	328	730	1	402	1.33e-160	566
93ID40_00732178_00732178.ab1	22297f506babbe0c07be324668b7ee44	92.079	404	29	3	328	730	1	402	1.33e-160	566
93ID40_00732178_00732178.ab1	04da0a9865ca2efb6bc104a74bcf8a4d	92.079	404	29	3	328	730	1	402	1.33e-160	566
93ID40_00732178_00732178.ab1	d3ab051fc11c82cb54ef7ff4d4eadcaa	91.852	405	31	2	328	731	1	404	4.77e-160	564
93ID40_00732178_00732178.ab1	4a840505cd76c5c6b96244a1158ac855	94.751	362	19	0	505	866	1	362	4.77e-160	564
93ID40_00732178_00732178.ab1	246bcd8daf4e2f3dcf2c970bcf39cb7e	91.872	406	30	3	328	732	1	404	4.77e-160	564
93ID40_00732178_00732178.ab1	fc6c5e1ab93c9eaa5b4215ae8c093e9d	91.832	404	30	3	328	730	1	402	6.18e-159	560
93ID40_00732178_00732178.ab1	c416325b90fac35cab8d8d75a97174a6	92.821	390	23	3	328	715	1	387	6.18e-159	560
93ID40_00732178_00732178.ab1	be87fffe989b4b636b12983c7b964164	91.832	404	30	3	328	730	1	402	6.18e-159	560
93ID40_00732178_00732178.ab1	b332d9f08947029c13732cdbb014be7a	94.262	366	21	0	501	866	1	366	6.18e-159	560
93ID40_00732178_00732178.ab1	8fa1b798b24186be6dcf91f17717212e	91.832	404	30	3	328	730	1	402	6.18e-159	560
93ID40_00732178_00732178.ab1	f6656821891468935bc4b5ea43722ede	94.262	366	19	2	501	866	1	364	2.22e-158	558
93ID40_00732178_00732178.ab1	f5e6a58cbb744e76c23501aaf5b92661	94.022	368	22	0	505	872	1	368	2.22e-158	558
93ID40_00732178_00732178.ab1	c7fcb366ca0b17aa676d44ab799d388f	91.626	406	31	3	328	732	1	404	2.22e-158	558
93ID40_00732178_00732178.ab1	c53658760ec9b57f25a0eea97827f7f0	94.475	362	20	0	505	866	1	362	2.22e-158	558
93ID40_00732178_00732178.ab1	9d426fcb176a2126347e4f56089e5b09	91.626	406	30	3	328	731	1	404	2.22e-158	558
93ID40_00732178_00732178.ab1	1ff9690d15e8bd2f3544b2968f855e38	94.475	362	20	0	505	866	1	362	2.22e-158	558
93ID40_00732178_00732178.ab1	f1d1396c486f39c51f33e3f89533ec0d	93.784	370	21	2	505	874	1	368	2.87e-157	555
93ID40_00732178_00732178.ab1	f098c36beb6702be0140f373133b0bba	91.584	404	31	3	328	730	1	402	2.87e-157	555
93ID40_00732178_00732178.ab1	cf58f66e0ebaf3a22ad3b30eea3d4857	93.784	370	21	2	505	874	1	368	2.87e-157	555
93ID40_00732178_00732178.ab1	97d3317bf0c16bc35f78474d0176036e	91.584	404	30	3	328	729	1	402	2.87e-157	555
93ID40_00732178_00732178.ab1	6f7670940730793cf3d729fe53c6b6be	92.564	390	24	5	328	715	1	387	2.87e-157	555
93ID40_00732178_00732178.ab1	6a3ceb9d3b9cf914285d5edbaf572e1e	91.605	405	29	4	328	730	1	402	2.87e-157	555
93ID40_00732178_00732178.ab1	457f7ac46ae6ac937d5b568aee35ebcd	93.784	370	21	2	501	869	1	369	2.87e-157	555
93ID40_00732178_00732178.ab1	250f2171e73c02f0246ab2089a4ff4e8	91.605	405	29	4	328	730	1	402	2.87e-157	555
93ID40_00732178_00732178.ab1	f88ad16eb70597d9dfcf65577988bf79	93.784	370	19	4	505	872	1	368	1.03e-156	553
93ID40_00732178_00732178.ab1	b155d209eb5e2e419bbdf5a31733f50b	93.566	373	20	2	501	873	1	369	1.03e-156	553
93ID40_00732178_00732178.ab1	92a8f800e9bf362f6e571e4f03e0be05	93.750	368	23	0	505	872	1	368	1.03e-156	553
93ID40_00732178_00732178.ab1	6dfd55724a444071538259f11fcc710c	93.548	372	20	2	505	876	1	368	3.72e-156	551
93ID40_00732178_00732178.ab1	61ddc430ea675e57d682d0f774f13504	93.716	366	23	0	501	866	1	366	1.34e-155	549
93ID40_00732178_00732178.ab1	cfc78bb2fe343b56ff01fa0873eeb09d	91.089	404	36	0	328	731	1	404	4.81e-155	547
93ID40_00732178_00732178.ab1	4b73dd16410ec0c11e6e22fcd802deb4	93.514	370	20	4	505	872	1	368	4.81e-155	547
93ID40_00732178_00732178.ab1	3a1dedd3ae1f67a7ff82e9621e042f0f	93.923	362	22	0	505	866	1	362	4.81e-155	547
93ID40_00732178_00732178.ab1	f8ada0f7f494ee1b23be6c3357ebfbe6	93.460	367	24	0	501	867	1	367	1.73e-154	545
93ID40_00732178_00732178.ab1	1afc92737e2bce9f83637587cf3db12f	91.089	404	33	3	328	730	1	402	6.22e-154	544
93ID40_00732178_00732178.ab1	01b58c346398a23507cc6cd2bf32dfef	90.777	412	31	5	23	431	33	440	6.22e-154	544
93ID40_00732178_00732178.ab1	819b6c1695eb633ed78cd5ab0027f4b2	93.646	362	23	0	505	866	1	362	2.24e-153	542
93ID40_00732178_00732178.ab1	7fc70a2e86d72efb08f99cf9fdd1e298	93.646	362	23	0	505	866	1	362	2.24e-153	542
93ID40_00732178_00732178.ab1	4df8758e0c8d47f5ea2b7bdd01b4ee89	93.207	368	25	0	505	872	1	368	2.24e-153	542
93ID40_00732178_00732178.ab1	f5141b66e46d43d2cc20a1051f1711db	90.864	405	34	3	23	427	33	434	8.05e-153	540
93ID40_00732178_00732178.ab1	625a313ee0158a69bb218a2bd15c1447	90.534	412	32	5	23	431	33	440	2.89e-152	538
93ID40_00732178_00732178.ab1	efc93a90b99e3038ac94863489071489	93.388	363	22	2	505	866	1	362	1.04e-151	536
93ID40_00732178_00732178.ab1	8ee862a7589beb0277c5148f70ec76c8	90.465	409	36	3	23	431	33	438	1.04e-151	536
93ID40_00732178_00732178.ab1	6208f8419b879628f5ddeadf0df1bbf0	90.640	406	35	3	328	732	1	404	1.04e-151	536
93ID40_00732178_00732178.ab1	38cd6d406013dbfd33332a00f34be849	92.533	375	27	1	57	431	65	438	1.04e-151	536
93ID40_00732178_00732178.ab1	2208e64e4d8ca7d1a62dea51bd62fe04	90.663	407	33	4	328	732	1	404	1.04e-151	536
93ID40_00732178_00732178.ab1	0e9e6d7aac45558f65170d0d90d66e5d	92.935	368	26	0	505	872	1	368	1.04e-151	536
93ID40_00732178_00732178.ab1	0d75a67ff16260d7a662e0c5df6e09c6	92.954	369	24	2	505	872	1	368	1.04e-151	536
93ID40_00732178_00732178.ab1	c0c219f188b03a1e3c1579d195ed7a66	92.703	370	25	2	505	874	1	368	1.35e-150	532
93ID40_00732178_00732178.ab1	14fcd0223467f70ad29283eebcf9691b	90.594	404	35	3	328	730	1	402	1.35e-150	532
93ID40_00732178_00732178.ab1	069663d678e9647c5675774745fb2e97	90.220	409	38	2	23	431	33	439	1.35e-150	532
93ID40_00732178_00732178.ab1	bf9165dd0c067b1bdf0a4949f2c6885a	90.418	407	34	4	328	732	1	404	4.84e-150	531
93ID40_00732178_00732178.ab1	af6608fb74024bbc10fd02278a55ffaa	90.347	404	39	0	328	731	1	404	4.84e-150	531
93ID40_00732178_00732178.ab1	656948187f5608155c91c91269e81300	92.267	375	28	1	57	431	65	438	4.84e-150	531
93ID40_00732178_00732178.ab1	23c4550f941801210273ad23851a082f	92.663	368	27	0	505	872	1	368	4.84e-150	531
93ID40_00732178_00732178.ab1	d9564f11be042482526f20b1238d8d93	90.347	404	36	3	328	730	1	402	6.26e-149	527
93ID40_00732178_00732178.ab1	c871b706d551aaeae3e8193898647de9	90.099	404	40	0	328	731	1	404	2.25e-148	525
93ID40_00732178_00732178.ab1	8c2fa91395b4b9b4f6e9a88b3fecd12a	92.623	366	25	2	501	866	1	364	2.25e-148	525
93ID40_00732178_00732178.ab1	239b66fb5fc5ccd57dbc561fb05c2268	90.196	408	33	5	328	732	1	404	2.25e-148	525
93ID40_00732178_00732178.ab1	2198da5fda3f8260827d9f6fc92f0895	90.196	408	33	6	328	732	1	404	2.25e-148	525
93ID40_00732178_00732178.ab1	e239c059ab6574f3b35c324e62ce6c15	92.162	370	27	2	505	874	1	368	2.91e-147	521
93ID40_00732178_00732178.ab1	b7d2f0076aca6da4c7c05fd5e2650993	92.141	369	29	0	501	869	1	369	2.91e-147	521
93ID40_00732178_00732178.ab1	80ad769114832405131606dfe983d73f	90.099	404	37	3	328	730	1	402	2.91e-147	521
93ID40_00732178_00732178.ab1	1f4066e4eba041bc673fc01e3f4fd2c1	92.162	370	26	3	505	873	1	368	1.05e-146	520
93ID40_00732178_00732178.ab1	0e5c56ae55dba5290626107944056720	92.120	368	29	0	505	872	1	368	1.05e-146	520
93ID40_00732178_00732178.ab1	d67a368733e1e186a42389838d15af26	90.746	389	32	3	328	714	1	387	1.36e-145	516
93ID40_00732178_00732178.ab1	f6c74c066e1ceb394d4f47287cd392d4	91.870	369	28	2	57	424	83	450	4.88e-145	514
93ID40_00732178_00732178.ab1	eda99d4fc9932431315132ca333c2140	91.848	368	30	0	505	872	1	368	4.88e-145	514
93ID40_00732178_00732178.ab1	4c429ec09b4e7914b177aa922c9ff10b	91.530	366	31	0	501	866	1	366	2.94e-142	505
93ID40_00732178_00732178.ab1	3c3179b1807540df219b1842a3d242f9	91.257	366	32	0	501	866	1	366	1.37e-140	499
93ID40_00732178_00732178.ab1	ad5c621bc11e082bcb4c7a5ca00beb3e	91.436	362	31	0	505	866	1	362	4.91e-140	497
93ID40_00732178_00732178.ab1	1ee8b77187ef08da762674eca7d90a37	91.033	368	33	0	505	872	1	368	4.91e-140	497
93ID40_00732178_00732178.ab1	11d397334ab923c81b62f6b79f438d17	91.160	362	32	0	505	866	1	362	2.29e-138	492
93ID40_00732178_00732178.ab1	4f8220d3b8a65097dfa22cc0237dd5c4	90.884	362	33	0	505	866	1	362	1.06e-136	486
93ID40_00732178_00732178.ab1	facb931abdcc38feeb67b5d1ad3e82b1	90.608	362	34	0	505	866	1	362	4.95e-135	481
93ID40_00732178_00732178.ab1	45ae00b92d9432572ac325df6ab57662	90.270	370	32	3	505	872	1	368	4.95e-135	481
93ID40_00732178_00732178.ab1	420cc243e97c62093a90cd46726ce166	90.244	369	32	4	506	872	2	368	1.78e-134	479
93ID40_00732178_00732178.ab1	e8993e5f9a3dcc085793cf37cf87a64d	90.000	370	34	3	505	873	1	368	2.30e-133	475
93ID40_00732178_00732178.ab1	b8a80aa6be16afcfb50ae2ad931abd22	90.358	363	33	2	505	866	1	362	2.30e-133	475
93ID40_00732178_00732178.ab1	2bacfb9fb2e3d59cf5e216912827a686	90.110	364	32	3	505	866	1	362	1.07e-131	470
93ID40_00732178_00732178.ab1	a29e035e9201c161bc08cf4818dfeafd	100.000	253	0	0	505	757	1	253	3.85e-131	468
93ID40_00732178_00732178.ab1	7d88cb85b80e0024b54a61e7a6da3bf0	99.605	253	1	0	505	757	1	253	1.79e-129	462
93ID40_00732178_00732178.ab1	a8dc5aeb11a8e3f8ac305f73ed6c240e	98.024	253	5	0	505	757	1	253	8.39e-123	440
93ID40_00732178_00732178.ab1	69289db17c28e4c811efb8f5f2be4b01	98.024	253	5	0	505	757	1	253	8.39e-123	440
93ID40_00732178_00732178.ab1	cb38bfd2d5ff465418d8917541d4db9a	98.016	252	5	0	505	756	1	252	3.02e-122	438
93ID40_00732178_00732178.ab1	240a30949d8516a7daf4fcc9ae9409a3	97.628	253	6	0	505	757	1	253	3.91e-121	435
93ID40_00732178_00732178.ab1	bdf8a26094624622d68509a87fa75ba7	97.233	253	7	0	505	757	1	253	1.82e-119	429
93ID40_00732178_00732178.ab1	9f04d4582c00cc1372a4a536aaa64d65	97.233	253	7	0	505	757	1	253	1.82e-119	429
93ID40_00732178_00732178.ab1	a78ffcd46325ff2deb9e16ce8132d48a	97.222	252	7	0	505	756	1	252	6.54e-119	427
93ID40_00732178_00732178.ab1	4c3591d159070289f8bfc13158cac121	96.154	260	10	0	328	587	1	260	2.35e-118	425
93ID40_00732178_00732178.ab1	dd6549da7e42e03da9992ef2db62b1c0	96.838	253	8	0	505	757	1	253	8.45e-118	424
93ID40_00732178_00732178.ab1	8630154f745ba598cdab0bbc4abb4e54	96.838	253	8	0	505	757	1	253	8.45e-118	424
93ID40_00732178_00732178.ab1	05e4f40f4ef41c503a38c4ec58d3ccf8	96.838	253	8	0	505	757	1	253	8.45e-118	424
93ID40_00732178_00732178.ab1	60849ba80eaecd4f405a5e2ea8560efc	95.769	260	11	0	328	587	1	260	1.09e-116	420
93ID40_00732178_00732178.ab1	62c90bb70a573faf8972d436b7eaf6d6	96.443	253	9	0	505	757	1	253	3.93e-116	418
93ID40_00732178_00732178.ab1	4166e95669ac3acdda2a0d087499ae07	96.443	253	9	0	505	757	1	253	3.93e-116	418
93ID40_00732178_00732178.ab1	554345c10941538d3c323777253ee02d	96.047	253	10	0	505	757	1	253	1.83e-114	412
93ID40_00732178_00732178.ab1	33295f1846cff2bf9c88e15798fbc91d	96.047	253	10	0	505	757	1	253	1.83e-114	412
93ID40_00732178_00732178.ab1	bf0769261db3e3b6c2dd0581481d3ca7	96.032	252	10	0	505	756	1	252	6.58e-114	411
93ID40_00732178_00732178.ab1	9170143295e4485d2e413fc0f0116f77	95.652	253	11	0	505	757	1	253	8.51e-113	407
93ID40_00732178_00732178.ab1	83e948f389f9d97b0c975afc880989e8	95.652	253	11	0	505	757	1	253	8.51e-113	407
93ID40_00732178_00732178.ab1	61f1bf165ebf6d9e9351f6e27154f231	95.652	253	11	0	505	757	1	253	8.51e-113	407
93ID40_00732178_00732178.ab1	5accc17c5cb4d54fa36298c5d6db3751	95.652	253	11	0	505	757	1	253	8.51e-113	407
93ID40_00732178_00732178.ab1	3d75053a4fa7e73a982a7fe7cc21a87d	95.652	253	11	0	505	757	1	253	8.51e-113	407
93ID40_00732178_00732178.ab1	f7a1bde751457e76a6fd855df0b7946f	95.635	252	11	0	505	756	1	252	3.06e-112	405
93ID40_00732178_00732178.ab1	054ff923988f3149da9b52e9ddc29eee	95.635	252	11	0	505	756	1	252	3.06e-112	405
93ID40_00732178_00732178.ab1	cbd0d5c056928faae9bd087311b9accf	95.257	253	12	0	505	757	1	253	3.96e-111	401
93ID40_00732178_00732178.ab1	b8c545c99dea06d010eb0bf2c6572d1c	95.257	253	12	0	505	757	1	253	3.96e-111	401
93ID40_00732178_00732178.ab1	31c862c1b2e0ffdd72b11a0b50c208f6	95.257	253	12	0	505	757	1	253	3.96e-111	401
93ID40_00732178_00732178.ab1	2bd9309f2f97cae51d18d06ea1ca519a	95.257	253	12	0	505	757	1	253	3.96e-111	401
93ID40_00732178_00732178.ab1	1b252fd446d25647aa2db66ac34342b0	95.257	253	12	0	505	757	1	253	3.96e-111	401
93ID40_00732178_00732178.ab1	c487f9c85288911b64a03ce4a61e4c72	95.238	252	12	0	505	756	1	252	1.42e-110	399
93ID40_00732178_00732178.ab1	e6ddae362b69b93118bceb9ecf0d5de2	94.862	253	13	0	505	757	1	253	1.84e-109	396
93ID40_00732178_00732178.ab1	cb5981927871d7095ecf0eef0840a2c0	94.862	253	13	0	505	757	1	253	1.84e-109	396
93ID40_00732178_00732178.ab1	922d33a2963d3e87a3d4df6b82371235	94.862	253	13	0	505	757	1	253	1.84e-109	396
93ID40_00732178_00732178.ab1	89deceb25a25768036f97853cddfb8d9	94.862	253	13	0	505	757	1	253	1.84e-109	396
93ID40_00732178_00732178.ab1	26005dfb7ad2e8cdbb139846af329663	94.862	253	13	0	505	757	1	253	1.84e-109	396
93ID40_00732178_00732178.ab1	16eff35eafb00be43ead5fd482b913c6	94.862	253	13	0	505	757	1	253	1.84e-109	396
93ID40_00732178_00732178.ab1	63c6b304ca20ebfc6f602d5a9802b1a3	94.841	252	13	0	505	756	1	252	6.63e-109	394
93ID40_00732178_00732178.ab1	2d3b51d174e798a51041d884fd9c9a04	94.841	252	13	0	505	756	1	252	6.63e-109	394
93ID40_00732178_00732178.ab1	ad4cba5280fb47cbebea01e7031af61c	94.466	253	14	0	505	757	1	253	8.57e-108	390
93ID40_00732178_00732178.ab1	88f380177c2361f60b7fe930911fec0c	94.466	253	14	0	505	757	1	253	8.57e-108	390
93ID40_00732178_00732178.ab1	85c44c83eddc5d3028261a1000b7d0e1	94.466	253	14	0	505	757	1	253	8.57e-108	390
93ID40_00732178_00732178.ab1	785b42b161de7610e25817c850d0966d	94.466	253	14	0	505	757	1	253	8.57e-108	390
93ID40_00732178_00732178.ab1	60828e70a7f4f35c0badbbf562c86621	94.466	253	14	0	505	757	1	253	8.57e-108	390
93ID40_00732178_00732178.ab1	12b572e28712bf3afe82fa02c4631167	94.466	253	14	0	505	757	1	253	8.57e-108	390
93ID40_00732178_00732178.ab1	6f61a113cab58d7cce0dcf2fa091308f	94.444	252	14	0	505	756	1	252	3.08e-107	388
93ID40_00732178_00732178.ab1	f0a2f6acf476be1b31b832b83529d6c5	94.071	253	15	0	505	757	1	253	3.99e-106	385
93ID40_00732178_00732178.ab1	ac13d35634b5bcd984c70211df5fd8b9	94.071	253	15	0	505	757	1	253	3.99e-106	385
93ID40_00732178_00732178.ab1	65d43491988bfe557da4d86a5ba25dae	94.071	253	15	0	505	757	1	253	3.99e-106	385
93ID40_00732178_00732178.ab1	5a02285e1410c91ec5f7a40a5f76698d	94.071	253	15	0	505	757	1	253	3.99e-106	385
93ID40_00732178_00732178.ab1	3e9f4569c6a497528a6eebff28f3ad29	94.071	253	15	0	505	757	1	253	3.99e-106	385
93ID40_00732178_00732178.ab1	26c6e3ed14694582e207478c1f23c21f	94.071	253	15	0	505	757	1	253	3.99e-106	385
93ID40_00732178_00732178.ab1	799b4308ac6b3570302274b3843bbbba	94.048	252	15	0	505	756	1	252	1.43e-105	383
93ID40_00732178_00732178.ab1	4f937d63adb104a783ca0ebab35f480d	94.048	252	15	0	505	756	1	252	1.43e-105	383
93ID40_00732178_00732178.ab1	1a83e04ba62280c07a5e8d082ca71f21	93.182	264	11	5	328	588	1	260	5.16e-105	381
93ID40_00732178_00732178.ab1	ef895df20b206f18958deae8a189264d	93.676	253	16	0	505	757	1	253	1.86e-104	379
93ID40_00732178_00732178.ab1	65641452be75528754b5ae258ba661c1	93.676	253	16	0	505	757	1	253	1.86e-104	379
93ID40_00732178_00732178.ab1	27924442da6f176087d66dac582edb6c	93.676	253	16	0	505	757	1	253	1.86e-104	379
93ID40_00732178_00732178.ab1	f0ff6b41e29b0bc47cd1240f8b52dfea	93.281	253	17	0	505	757	1	253	8.64e-103	374
93ID40_00732178_00732178.ab1	c9a1db21a25710cd78ed0c9ce254097c	93.281	253	17	0	505	757	1	253	8.64e-103	374
93ID40_00732178_00732178.ab1	44cf3d3e7a91fb698ee87c3808f9b1bd	93.281	253	17	0	505	757	1	253	8.64e-103	374
93ID40_00732178_00732178.ab1	651d9a773d5fc2e2b20411b9d7c28e0b	92.885	253	18	0	505	757	1	253	4.02e-101	368
93ID40_00732178_00732178.ab1	6069fe9237022c0ef05c4f8bc535280b	92.913	254	16	2	505	757	1	253	4.02e-101	368
93ID40_00732178_00732178.ab1	6539f59062d16f8454aa0eeb82a123c1	92.095	253	20	0	505	757	1	253	8.70e-98	357
93ID40_00732178_00732178.ab1	3de3cf8cdbef952a7a59190b9ded7849	92.095	253	20	0	505	757	1	253	8.70e-98	357
93ID40_00732178_00732178.ab1	5b1a5e9b96e6f2cb24e418ab9c368058	92.063	252	20	0	505	756	1	252	3.13e-97	355
93ID40_00732178_00732178.ab1	86748e6e46eddb955f6918863b3cf191	91.732	254	19	2	505	757	1	253	4.05e-96	351
93ID40_00732178_00732178.ab1	25fe23e989514e818f4bc1f680ad6da1	91.700	253	21	0	505	757	1	253	4.05e-96	351
93ID40_00732178_00732178.ab1	8e7894dbe0b5fb251c307c6564ef901c	91.667	252	21	0	505	756	1	252	1.46e-95	350
93ID40_00732178_00732178.ab1	2b6be10b0059633419bfeee39247fc01	91.667	252	21	0	505	756	1	252	1.46e-95	350
93ID40_00732178_00732178.ab1	b5260d5852b07379c6cb212dcd88696a	90.909	264	17	5	328	588	1	260	5.23e-95	348
93ID40_00732178_00732178.ab1	1763dbd2ac5b6c96acebc480d8bcc4a2	91.304	253	22	0	505	757	1	253	1.88e-94	346
93ID40_00732178_00732178.ab1	e95f1015e42cb52cf5cedd613f4f53a4	91.270	252	22	0	505	756	1	252	6.77e-94	344
93ID40_00732178_00732178.ab1	eaa49f63ba098261520bb42dde240cee	93.833	227	14	0	197	423	177	403	2.44e-93	342
93ID40_00732178_00732178.ab1	c8cebcdb4413a4d1d0939a7776cfe715	93.833	227	14	0	197	423	177	403	2.44e-93	342
93ID40_00732178_00732178.ab1	1c73e1dd8862b6fdbc044d6e0d9ecc26	90.909	253	23	0	505	757	1	253	8.76e-93	340
93ID40_00732178_00732178.ab1	7318712873b4141bd8afb114e17285f1	90.873	252	23	0	505	756	1	252	3.15e-92	339
93ID40_00732178_00732178.ab1	089dd85916c91b0090fa665b526cda7c	90.873	252	23	0	505	756	1	252	3.15e-92	339
93ID40_00732178_00732178.ab1	bc6c345a2feb70d3210ba7f89530c5b0	90.514	253	24	0	505	757	1	253	4.07e-91	335
93ID40_00732178_00732178.ab1	fac0d813232522b628de34d23ad03812	92.308	234	18	0	189	422	172	405	1.47e-90	333
93ID40_00732178_00732178.ab1	ed656e6ecf3218d6dfdb24df93cdbbed	94.393	214	12	0	196	409	198	411	1.90e-89	329
93ID40_00732178_00732178.ab1	00bf0a0b0c121cb8df28652b4afb51be	94.393	214	12	0	196	409	198	411	1.90e-89	329
93ID40_00732178_00732178.ab1	d4a6a0bb076d9b392cf0ca0865b7fd18	92.478	226	17	0	197	422	192	417	8.82e-88	324
93ID40_00732178_00732178.ab1	b8099efe36554598ce5ed09370c60ff4	92.478	226	17	0	197	422	192	417	8.82e-88	324
93ID40_00732178_00732178.ab1	3370e57e455c5467b775599242ed6d36	92.478	226	17	0	197	422	193	418	8.82e-88	324
93ID40_00732178_00732178.ab1	ff4da3218b64954568234f633a645fdf	92.411	224	15	2	196	418	204	426	4.10e-86	318
93ID40_00732178_00732178.ab1	ff4da3218b64954568234f633a645fdf	100.000	38	0	0	60	97	74	111	1.27e-11	71.3
93ID40_00732178_00732178.ab1	ce6104388fbde2796fd1db167dc06163	92.411	224	15	2	196	418	204	426	4.10e-86	318
93ID40_00732178_00732178.ab1	ce6104388fbde2796fd1db167dc06163	100.000	38	0	0	60	97	74	111	1.27e-11	71.3
93ID40_00732178_00732178.ab1	ca7ad43e01d4084fe03f2a82987f3703	92.411	224	15	2	196	418	205	427	4.10e-86	318
93ID40_00732178_00732178.ab1	ca7ad43e01d4084fe03f2a82987f3703	100.000	38	0	0	60	97	75	112	1.27e-11	71.3
93ID40_00732178_00732178.ab1	8d5db665127e879c2d2b1dc0c80edd05	92.411	224	15	2	196	418	205	427	4.10e-86	318
93ID40_00732178_00732178.ab1	8d5db665127e879c2d2b1dc0c80edd05	100.000	38	0	0	60	97	75	112	1.27e-11	71.3
93ID40_00732178_00732178.ab1	804a2f058f4a7ce192016c85448e0fa5	92.411	224	15	2	196	418	205	427	4.10e-86	318
93ID40_00732178_00732178.ab1	804a2f058f4a7ce192016c85448e0fa5	100.000	38	0	0	60	97	75	112	1.27e-11	71.3
93ID40_00732178_00732178.ab1	730109c93721220c6da9a35b18685caa	92.411	224	15	2	196	418	204	426	4.10e-86	318
93ID40_00732178_00732178.ab1	730109c93721220c6da9a35b18685caa	100.000	38	0	0	60	97	74	111	1.27e-11	71.3
93ID40_00732178_00732178.ab1	455d2f8e77aea8df120f5c8eff9a1dc8	92.411	224	15	2	196	418	205	427	4.10e-86	318
93ID40_00732178_00732178.ab1	455d2f8e77aea8df120f5c8eff9a1dc8	100.000	38	0	0	60	97	75	112	1.27e-11	71.3
93ID40_00732178_00732178.ab1	0d410385b940330b20205b60313fb8f9	92.035	226	18	0	197	422	193	418	4.10e-86	318
93ID40_00732178_00732178.ab1	7dbe0bbee035e001e29e3a12550a1dc3	91.964	224	16	2	196	418	205	427	1.91e-84	313
93ID40_00732178_00732178.ab1	7dbe0bbee035e001e29e3a12550a1dc3	100.000	38	0	0	60	97	75	112	1.27e-11	71.3
93ID40_00732178_00732178.ab1	414440fc63e0da214db861c2f10513d6	91.964	224	16	2	196	418	205	427	1.91e-84	313
93ID40_00732178_00732178.ab1	414440fc63e0da214db861c2f10513d6	100.000	38	0	0	60	97	75	112	1.27e-11	71.3
93ID40_00732178_00732178.ab1	145491e783b90b9afa9bec6c812d7a50	91.964	224	16	2	196	418	205	427	1.91e-84	313
93ID40_00732178_00732178.ab1	145491e783b90b9afa9bec6c812d7a50	100.000	38	0	0	60	97	75	112	1.27e-11	71.3
93ID40_00732178_00732178.ab1	00fdb88a932dc0ed37a64a865bc114e3	91.964	224	16	2	196	418	205	427	1.91e-84	313
93ID40_00732178_00732178.ab1	00fdb88a932dc0ed37a64a865bc114e3	100.000	38	0	0	60	97	75	112	1.27e-11	71.3
93ID40_00732178_00732178.ab1	8f0bd4189f9504461ae0c3bbbc790b7c	92.523	214	16	0	196	409	194	407	8.88e-83	307
93ID40_00732178_00732178.ab1	8f0bd4189f9504461ae0c3bbbc790b7c	95.122	41	2	0	57	97	63	103	5.90e-10	65.8
93ID40_00732178_00732178.ab1	6581e2edf9ad2d57bed2100d4e810d5e	91.518	224	17	2	196	418	205	427	8.88e-83	307
93ID40_00732178_00732178.ab1	6581e2edf9ad2d57bed2100d4e810d5e	100.000	38	0	0	60	97	75	112	1.27e-11	71.3
93ID40_00732178_00732178.ab1	4a7ae139b102dccf70f7cc7837627691	91.518	224	17	2	196	418	205	427	8.88e-83	307
93ID40_00732178_00732178.ab1	4a7ae139b102dccf70f7cc7837627691	100.000	38	0	0	60	97	75	112	1.27e-11	71.3
93ID40_00732178_00732178.ab1	459fe1bdae849dbd75a8fa1ea1603b63	91.518	224	17	2	196	418	205	427	8.88e-83	307
93ID40_00732178_00732178.ab1	459fe1bdae849dbd75a8fa1ea1603b63	100.000	38	0	0	60	97	75	112	1.27e-11	71.3
93ID40_00732178_00732178.ab1	a0efffc7fafb27db36ba34458137f1d7	92.056	214	17	0	196	409	196	409	4.13e-81	302
93ID40_00732178_00732178.ab1	a0efffc7fafb27db36ba34458137f1d7	97.368	38	1	0	60	97	66	103	5.90e-10	65.8
93ID40_00732178_00732178.ab1	e991507fcbb08cf307fbd9eb6e488486	91.589	214	18	0	196	409	196	409	1.92e-79	296
93ID40_00732178_00732178.ab1	e991507fcbb08cf307fbd9eb6e488486	97.368	38	1	0	60	97	66	103	5.90e-10	65.8
93ID40_00732178_00732178.ab1	f59d0345d62efc2e91bdede33610a92e	91.469	211	18	0	213	423	213	423	8.95e-78	291
93ID40_00732178_00732178.ab1	cf3fa996fa3cc9237ffb50a63c0c3c82	91.469	211	18	0	213	423	213	423	8.95e-78	291
93ID40_00732178_00732178.ab1	a1e4d00b1036fd5e034db53aa32b1aa6	91.080	213	17	2	212	423	217	428	1.16e-76	287
93ID40_00732178_00732178.ab1	6aa71f6f59a847344361dcb544a29290	90.625	192	16	2	197	387	203	393	1.17e-66	254
93ID40_00732178_00732178.ab1	f189efe0c7c204bb4aba42b52755063c	92.571	175	13	0	212	386	223	397	4.22e-66	252
93ID40_00732178_00732178.ab1	d5718d5f15fc4328e6b87db794471902	90.104	192	17	2	197	387	203	393	5.46e-65	248
93ID40_00732178_00732178.ab1	d447fc20468372d536e07be55b58f1ac	90.710	183	15	2	206	387	212	393	2.54e-63	243
93ID40_00732178_00732178.ab1	d0535f9732608bec416889feab3b272c	90.270	185	16	2	204	387	206	389	9.14e-63	241
93ID40_00732178_00732178.ab1	34ca165929265d37a69c78fdccc727f8	90.270	185	16	2	204	387	206	389	9.14e-63	241
93ID40_00732178_00732178.ab1	efc5b92ca995a3ef8dbcba750cfc78b3	90.164	183	16	2	206	387	194	375	1.18e-61	237
93ID40_00732178_00732178.ab1	74ab07845cae8343523345ade10addd1	90.164	183	16	2	206	387	194	375	1.18e-61	237
93ID40_00732178_00732178.ab1	01c8ecf1f3eebdf58fc4a21a6fd76d02	93.197	147	6	4	959	1103	1	145	1.99e-54	213
93ID40_00732178_00732178.ab1	918c94c91eea4ffc1c723ab120372960	93.197	147	4	6	959	1103	1	143	7.17e-54	211
93ID40_00732178_00732178.ab1	6d86e6153dd89f0726625fd611dfa96d	93.197	147	4	6	959	1103	1	143	7.17e-54	211
93ID40_00732178_00732178.ab1	d1f62a85e62ecdd751216fdd16ea3b70	92.517	147	7	4	959	1103	1	145	9.27e-53	207
93ID40_00732178_00732178.ab1	8504112907fb539beca65e126b9a07df	92.517	147	7	4	959	1103	1	145	9.27e-53	207
93ID40_00732178_00732178.ab1	ecff1e343016a65a0d81f51444cf1246	92.517	147	5	6	959	1103	1	143	3.33e-52	206
93ID40_00732178_00732178.ab1	67e892761e027b36cb32fb203c2bbea4	92.517	147	5	6	959	1103	1	143	3.33e-52	206
93ID40_00732178_00732178.ab1	16ab2b599187a56f7cbd6af85217669a	92.517	147	5	6	959	1103	1	143	3.33e-52	206
93ID40_00732178_00732178.ab1	8ae33d77a3df275f09807307ec1916d8	91.837	147	8	4	959	1103	1	145	4.31e-51	202
93ID40_00732178_00732178.ab1	7a087927562cc15752de627146298914	91.837	147	8	4	959	1103	1	145	4.31e-51	202
93ID40_00732178_00732178.ab1	0c120110927ba7541b48924dd9a968bb	91.837	147	8	4	959	1103	1	145	4.31e-51	202
93ID40_00732178_00732178.ab1	d766d5e3c901fb39bb9e60ab6deba18f	91.156	147	9	4	959	1103	1	145	2.01e-49	196
93ID40_00732178_00732178.ab1	4d2ebb44f678fa4d1d48df635fbc8412	91.156	147	9	4	959	1103	1	145	2.01e-49	196
93ID40_00732178_00732178.ab1	2b82bc47875bafc01afad209ee20ba6a	91.156	147	9	4	959	1103	1	145	2.01e-49	196
93ID40_00732178_00732178.ab1	d8163c962da4f5ca46ec2ac3a554cbde	91.216	148	5	8	959	1103	1	143	7.22e-49	195
93ID40_00732178_00732178.ab1	35aa50745096220004d37c661ff53562	91.156	147	7	6	959	1103	1	143	7.22e-49	195
93ID40_00732178_00732178.ab1	027d3d958bc182f4631abe258458351b	91.216	148	5	8	959	1103	1	143	7.22e-49	195
93ID40_00732178_00732178.ab1	ba5427361bea4becec5f0ac71cf8c7fc	90.476	147	10	4	959	1103	1	145	9.33e-48	191
93ID40_00732178_00732178.ab1	81613c6a7c9d910f47d1ab1e0823007c	90.476	147	10	4	959	1103	1	145	9.33e-48	191
93ID40_00732178_00732178.ab1	7840a34d125253d6f59daa42e581ece2	90.476	147	10	4	959	1103	1	145	9.33e-48	191
93ID40_00732178_00732178.ab1	34a9b942698365155c3b463a8f77aed4	90.476	147	10	4	959	1103	1	145	9.33e-48	191
93ID40_00732178_00732178.ab1	19572cfd2288eab0aee1733f71809f74	90.972	144	9	4	962	1103	4	145	9.33e-48	191
93ID40_00732178_00732178.ab1	85ce2fac12c136d8e2b80c90badecc63	90.476	147	8	6	959	1103	1	143	3.36e-47	189
93ID40_00732178_00732178.ab1	18a2e7a71587f5b0d80538cca4fbaec6	92.537	134	6	4	959	1090	1	132	3.36e-47	189
93ID40_00732178_00732178.ab1	4bbbe5513fc9ffedceede854839f6118	92.661	109	8	0	469	577	117	225	9.47e-38	158
93ID40_00732178_00732178.ab1	62831ec34e30564ca3554c4d9f5bde10	91.743	109	9	0	469	577	117	225	4.40e-36	152
93ID40_00732178_00732178.ab1	39db29f947a25b1fa179c5d49a87716c	91.743	109	9	0	469	577	117	225	4.40e-36	152
93ID40_00732178_00732178.ab1	6d5624ff723b13c2910d173281cec3b2	90.909	110	10	0	451	560	98	207	5.70e-35	148
93ID40_00732178_00732178.ab1	4fdc6a25d36d950d086c1359bae196f0	90.909	110	10	0	469	578	116	225	5.70e-35	148
93ID40_00732178_00732178.ab1	09dd498c73798c31af69f074f8d78796	90.909	110	10	0	451	560	98	207	5.70e-35	148
93ID40_00732178_00732178.ab1	9e1a25404d10583aece1aea39530f5bd	90.826	109	10	0	469	577	117	225	2.05e-34	147
93ID40_00732178_00732178.ab1	85d5ee2c370aa6070ffcecf20ef64826	90.826	109	10	0	469	577	117	225	2.05e-34	147
93ID40_00732178_00732178.ab1	f2905b2fcf638df6db3c09f7cf55a02c	90.090	111	11	0	469	579	115	225	7.37e-34	145
93ID40_00732178_00732178.ab1	9a83bcad884b2c0b416ebd5c34a83afb	90.090	111	11	0	469	579	115	225	7.37e-34	145
93ID40_00732178_00732178.ab1	6755fb39ef17ac6b19d6b63e9808d7e3	90.090	111	11	0	469	579	115	225	7.37e-34	145
93ID40_00732178_00732178.ab1	0e681a192358c07c20194d490831b57d	90.090	111	11	0	469	579	115	225	7.37e-34	145
93ID40_00732178_00732178.ab1	06bdd339694e67bd5674af9a99e3357d	93.750	96	6	0	451	546	98	193	7.37e-34	145
93ID40_00732178_00732178.ab1	61dccb7422f784784928149ca0766608	90.000	110	11	0	469	578	116	225	2.65e-33	143
93ID40_00732178_00732178.ab1	5b9ccc752c1055011a34d19b39905cb0	94.565	92	5	0	469	560	117	208	2.65e-33	143
93ID40_00732178_00732178.ab1	350df5667da09e71f3d24afeb6e4a15d	92.079	101	8	0	469	569	116	216	2.65e-33	143
93ID40_00732178_00732178.ab1	15d87441a01ec6c235957eaf59ddcdc5	90.566	106	10	0	451	556	100	205	9.53e-33	141
93ID40_00732178_00732178.ab1	cd799eb76c8e4775c68dccd100ed1cfa	91.176	102	5	4	451	550	102	201	4.44e-31	135
93ID40_00732178_00732178.ab1	b283355ce3a8058e0d5607c01c96d5e2	91.011	89	8	0	330	418	3	91	1.24e-26	121
93ID40_00732178_00732178.ab1	a8f2b23b4080ff09cc637f723e8f861b	91.667	72	4	2	332	402	5	75	5.82e-20	99.0
93ID40_00732178_00732178.ab1	15ee05ccba57b83d7ce4e6a8b914be6e	90.411	73	7	0	68	140	76	148	2.09e-19	97.1
93ID40_00732178_00732178.ab1	d345426cad8692b55e54f5996f4ffbae	90.278	72	5	2	332	402	5	75	2.71e-18	93.5
93ID40_00732178_00732178.ab1	7db0e5e42ec82a1806b48050e65be421	91.803	61	3	2	328	387	1	60	1.63e-15	84.2
93ID40_00732178_00732178.ab1	f4d2d2cf8ebbf0362aaeab63d3015f50	91.525	59	5	0	328	386	1	59	5.86e-15	82.4
93ID40_00732178_00732178.ab1	3a95962a830cbe99231ee51c6ec4fcdf	91.525	59	5	0	328	386	1	59	5.86e-15	82.4
93ID40_00732178_00732178.ab1	c738cd7c4389a457a8398ede1d04c39e	95.918	49	2	0	328	376	1	49	2.11e-14	80.5
93ID40_00732178_00732178.ab1	ffc3aac3bf33df5556fb81ab43d6ed3b	91.379	58	3	2	328	384	1	57	7.58e-14	78.7
93ID40_00732178_00732178.ab1	f5c78055e8008b827e5246e9118ff658	91.379	58	3	2	328	384	1	57	7.58e-14	78.7
93ID40_00732178_00732178.ab1	bcb905356aa2bfdc824fbf9c262ffaf8	91.379	58	3	2	328	384	1	57	7.58e-14	78.7
93ID40_00732178_00732178.ab1	2f0220c7046d08cc4ebf8fe510121913	91.379	58	3	2	328	384	1	57	7.58e-14	78.7
93ID40_00732178_00732178.ab1	aeeee69e0de37323ebae4edd577f70ab	97.297	37	1	0	60	96	76	112	2.12e-09	63.9
