93ID40_00732178_00732178.ab1	ASV000276	100.000	372	0	0	507	878	1	372	0.0	688
93ID40_00732178_00732178.ab1	ASV001564	99.731	372	1	0	507	878	1	372	0.0	682
93ID40_00732178_00732178.ab1	ASV000928	99.731	372	1	0	507	878	1	372	0.0	682
93ID40_00732178_00732178.ab1	ASV001682	99.194	372	3	0	507	878	1	372	0.0	671
93ID40_00732178_00732178.ab1	ASV004970	98.118	372	7	0	507	878	1	372	0.0	649
93ID40_00732178_00732178.ab1	ASV003827	95.968	372	15	0	507	878	1	372	5.21e-173	604
93ID40_00732178_00732178.ab1	ASV001503	95.968	372	15	0	506	877	372	1	5.21e-173	604
93ID40_00732178_00732178.ab1	ASV000003	95.968	372	15	0	507	878	1	372	5.21e-173	604
93ID40_00732178_00732178.ab1	ASV004943	95.699	372	16	0	507	878	1	372	2.42e-171	599
93ID40_00732178_00732178.ab1	ASV001903	95.699	372	16	0	507	878	1	372	2.42e-171	599
93ID40_00732178_00732178.ab1	ASV007959	95.664	369	16	0	507	875	1	369	1.13e-169	593
93ID40_00732178_00732178.ab1	ASV005016	95.161	372	18	0	507	878	1	372	5.24e-168	588
93ID40_00732178_00732178.ab1	ASV011104	95.148	371	18	0	507	877	1	371	1.89e-167	586
93ID40_00732178_00732178.ab1	ASV008385	95.380	368	17	0	507	874	1	368	1.89e-167	586
93ID40_00732178_00732178.ab1	ASV000200	95.380	368	17	0	507	874	1	368	1.89e-167	586
93ID40_00732178_00732178.ab1	ASV010045	95.122	369	18	0	507	875	1	369	2.44e-166	582
93ID40_00732178_00732178.ab1	ASV002764	94.837	368	19	0	507	874	1	368	4.08e-164	575
93ID40_00732178_00732178.ab1	ASV001814	94.837	368	19	0	507	874	1	368	4.08e-164	575
93ID40_00732178_00732178.ab1	ASV001337	94.837	368	19	0	507	874	1	368	4.08e-164	575
93ID40_00732178_00732178.ab1	ASV002566	94.837	368	18	1	511	878	6	372	1.47e-163	573
93ID40_00732178_00732178.ab1	ASV002685	94.580	369	20	0	507	875	1	369	5.28e-163	571
93ID40_00732178_00732178.ab1	ASV002580	94.355	372	21	0	507	878	1	372	5.28e-163	571
93ID40_00732178_00732178.ab1	ASV001732	94.565	368	20	0	507	874	1	368	1.90e-162	569
93ID40_00732178_00732178.ab1	ASV016366	94.795	365	18	1	511	875	6	369	6.83e-162	568
93ID40_00732178_00732178.ab1	ASV001685	94.565	368	19	1	511	878	6	372	6.83e-162	568
93ID40_00732178_00732178.ab1	ASV000518	94.565	368	19	1	511	878	6	372	6.83e-162	568
93ID40_00732178_00732178.ab1	ASV016659	95.014	361	16	2	507	866	1	360	2.46e-161	566
93ID40_00732178_00732178.ab1	ASV006954	94.309	369	21	0	507	875	1	369	2.46e-161	566
93ID40_00732178_00732178.ab1	ASV004600	94.324	370	16	3	511	878	6	372	3.18e-160	562
93ID40_00732178_00732178.ab1	ASV013914	94.505	364	19	1	511	874	6	368	1.14e-159	560
93ID40_00732178_00732178.ab1	ASV005422	93.817	372	23	0	507	878	1	372	1.14e-159	560
93ID40_00732178_00732178.ab1	ASV002481	93.850	374	19	4	507	878	1	372	1.14e-159	560
93ID40_00732178_00732178.ab1	ASV012274	94.038	369	20	2	507	874	1	368	4.11e-159	558
93ID40_00732178_00732178.ab1	ASV005763	94.278	367	16	3	511	875	6	369	1.48e-158	556
93ID40_00732178_00732178.ab1	ASV013738	93.767	369	23	0	507	875	1	369	5.32e-158	555
93ID40_00732178_00732178.ab1	ASV007231	93.767	369	23	0	507	875	1	369	5.32e-158	555
93ID40_00732178_00732178.ab1	ASV002867	93.548	372	24	0	507	878	1	372	5.32e-158	555
93ID40_00732178_00732178.ab1	ASV014579	93.973	365	21	1	510	874	5	368	6.88e-157	551
93ID40_00732178_00732178.ab1	ASV000604	93.750	368	21	2	507	874	1	366	6.88e-157	551
93ID40_00732178_00732178.ab1	ASV003606	93.316	374	21	4	507	878	1	372	2.47e-156	549
93ID40_00732178_00732178.ab1	ASV002402	93.280	372	25	0	507	878	1	372	2.47e-156	549
93ID40_00732178_00732178.ab1	ASV001345	93.298	373	22	3	507	878	1	371	8.90e-156	547
93ID40_00732178_00732178.ab1	ASV014350	94.134	358	21	0	518	875	12	369	3.20e-155	545
93ID40_00732178_00732178.ab1	ASV010312	93.699	365	22	1	510	874	5	368	3.20e-155	545
93ID40_00732178_00732178.ab1	ASV008335	93.699	365	22	1	510	874	5	368	3.20e-155	545
93ID40_00732178_00732178.ab1	ASV016632	93.011	372	26	0	507	878	1	372	1.15e-154	544
93ID40_00732178_00732178.ab1	ASV003739	93.011	372	26	0	507	878	1	372	1.15e-154	544
93ID40_00732178_00732178.ab1	ASV002161	93.029	373	24	2	507	878	1	372	1.15e-154	544
93ID40_00732178_00732178.ab1	ASV002122	93.011	372	26	0	507	878	1	372	1.15e-154	544
93ID40_00732178_00732178.ab1	ASV002564	93.011	372	24	1	507	878	1	370	4.14e-154	542
93ID40_00732178_00732178.ab1	ASV007065	93.207	368	24	1	511	878	6	372	1.49e-153	540
93ID40_00732178_00732178.ab1	ASV017537	93.407	364	23	1	511	874	6	368	5.36e-153	538
93ID40_00732178_00732178.ab1	ASV004636	92.742	372	27	0	507	878	1	372	5.36e-153	538
93ID40_00732178_00732178.ab1	ASV001464	92.742	372	27	0	507	878	1	372	5.36e-153	538
93ID40_00732178_00732178.ab1	ASV000392	92.761	373	25	2	507	878	1	372	5.36e-153	538
93ID40_00732178_00732178.ab1	ASV017499	92.935	368	26	0	507	874	1	368	1.93e-152	536
93ID40_00732178_00732178.ab1	ASV013286	93.132	364	24	1	511	874	6	368	2.49e-151	532
93ID40_00732178_00732178.ab1	ASV005002	92.513	374	24	3	507	878	1	372	2.49e-151	532
93ID40_00732178_00732178.ab1	ASV001192	92.493	373	26	2	507	878	1	372	2.49e-151	532
93ID40_00732178_00732178.ab1	ASV013468	92.683	369	24	3	511	878	6	372	3.22e-150	529
93ID40_00732178_00732178.ab1	ASV011711	92.877	365	25	1	511	875	6	369	3.22e-150	529
93ID40_00732178_00732178.ab1	ASV007884	92.663	368	26	1	511	878	6	372	3.22e-150	529
93ID40_00732178_00732178.ab1	ASV015969	92.204	372	29	0	507	878	1	372	1.16e-149	527
93ID40_00732178_00732178.ab1	ASV004667	92.204	372	29	0	507	878	1	372	1.16e-149	527
93ID40_00732178_00732178.ab1	ASV002987	92.204	372	29	0	507	878	1	372	1.16e-149	527
93ID40_00732178_00732178.ab1	ASV003403	92.412	369	26	2	507	874	1	368	4.17e-149	525
93ID40_00732178_00732178.ab1	ASV002848	92.412	369	26	1	507	875	1	367	4.17e-149	525
93ID40_00732178_00732178.ab1	ASV001374	92.225	373	25	2	507	878	1	370	4.17e-149	525
93ID40_00732178_00732178.ab1	ASV011534	92.204	372	25	3	507	878	1	368	1.50e-148	523
93ID40_00732178_00732178.ab1	ASV016289	91.979	374	26	4	507	878	1	372	5.40e-148	521
93ID40_00732178_00732178.ab1	ASV006244	91.957	373	28	2	507	878	1	372	5.40e-148	521
93ID40_00732178_00732178.ab1	ASV005492	92.162	370	27	2	507	875	1	369	5.40e-148	521
93ID40_00732178_00732178.ab1	ASV000026	91.935	372	30	0	507	878	1	372	5.40e-148	521
93ID40_00732178_00732178.ab1	ASV013450	92.120	368	29	0	507	874	1	368	1.94e-147	520
93ID40_00732178_00732178.ab1	ASV000935	92.141	369	27	2	507	875	1	367	1.94e-147	520
93ID40_00732178_00732178.ab1	ASV007201	92.521	361	27	0	518	878	12	372	6.98e-147	518
93ID40_00732178_00732178.ab1	ASV000964	91.935	372	26	2	507	878	1	368	6.98e-147	518
93ID40_00732178_00732178.ab1	ASV009974	92.308	364	27	1	511	874	6	368	2.51e-146	516
93ID40_00732178_00732178.ab1	ASV002138	91.689	373	29	2	507	878	1	372	2.51e-146	516
93ID40_00732178_00732178.ab1	ASV001815	92.120	368	25	2	507	874	1	364	2.51e-146	516
93ID40_00732178_00732178.ab1	ASV000786	92.120	368	26	3	507	874	1	365	2.51e-146	516
93ID40_00732178_00732178.ab1	ASV008607	91.892	370	26	2	507	874	1	368	9.03e-146	514
93ID40_00732178_00732178.ab1	ASV004238	91.870	369	28	2	507	874	1	368	9.03e-146	514
93ID40_00732178_00732178.ab1	ASV001712	91.870	369	28	2	507	875	1	367	9.03e-146	514
93ID40_00732178_00732178.ab1	ASV012480	91.848	368	29	1	511	878	6	372	3.25e-145	512
93ID40_00732178_00732178.ab1	ASV012396	92.077	366	26	3	511	875	6	369	3.25e-145	512
93ID40_00732178_00732178.ab1	ASV007182	91.848	368	29	1	511	878	6	372	3.25e-145	512
93ID40_00732178_00732178.ab1	ASV003837	91.848	368	28	2	507	874	1	366	3.25e-145	512
93ID40_00732178_00732178.ab1	ASV002055	91.667	372	28	2	507	878	1	369	3.25e-145	512
93ID40_00732178_00732178.ab1	ASV000219	91.870	369	26	4	507	875	1	365	3.25e-145	512
93ID40_00732178_00732178.ab1	ASV017489	91.398	372	32	0	507	878	1	372	1.17e-144	510
93ID40_00732178_00732178.ab1	ASV014281	92.033	364	28	1	511	874	6	368	1.17e-144	510
93ID40_00732178_00732178.ab1	ASV003471	91.398	372	32	0	507	878	1	372	1.17e-144	510
93ID40_00732178_00732178.ab1	ASV003551	91.599	369	30	1	507	874	1	369	4.20e-144	508
93ID40_00732178_00732178.ab1	ASV002839	91.599	369	29	1	507	875	1	367	4.20e-144	508
93ID40_00732178_00732178.ab1	ASV002556	91.599	369	29	1	507	875	1	367	4.20e-144	508
93ID40_00732178_00732178.ab1	ASV000954	91.599	369	29	1	507	875	1	367	4.20e-144	508
93ID40_00732178_00732178.ab1	ASV000484	91.599	369	29	1	507	875	1	367	4.20e-144	508
93ID40_00732178_00732178.ab1	ASV004780	91.576	368	30	1	507	874	1	367	1.51e-143	507
93ID40_00732178_00732178.ab1	ASV000720	91.599	369	28	2	507	874	1	367	1.51e-143	507
93ID40_00732178_00732178.ab1	ASV006365	91.129	372	33	0	507	878	1	372	5.43e-143	505
93ID40_00732178_00732178.ab1	ASV003246	91.129	372	31	2	507	877	1	371	1.95e-142	503
93ID40_00732178_00732178.ab1	ASV002554	91.153	373	29	3	507	878	1	370	1.95e-142	503
93ID40_00732178_00732178.ab1	ASV000936	91.328	369	30	1	507	875	1	367	1.95e-142	503
93ID40_00732178_00732178.ab1	ASV008663	91.304	368	31	1	511	878	6	372	7.03e-142	501
93ID40_00732178_00732178.ab1	ASV004865	91.129	372	29	1	507	878	1	368	7.03e-142	501
93ID40_00732178_00732178.ab1	ASV001331	91.129	372	30	2	507	878	1	369	7.03e-142	501
93ID40_00732178_00732178.ab1	ASV017484	91.304	368	28	3	507	874	1	364	2.53e-141	499
93ID40_00732178_00732178.ab1	ASV015648	91.304	368	28	2	507	874	1	364	2.53e-141	499
93ID40_00732178_00732178.ab1	ASV013769	91.304	368	29	2	511	878	6	370	2.53e-141	499
93ID40_00732178_00732178.ab1	ASV005487	91.304	368	28	3	507	874	1	364	2.53e-141	499
93ID40_00732178_00732178.ab1	ASV002947	91.081	370	31	2	507	875	1	369	2.53e-141	499
93ID40_00732178_00732178.ab1	ASV001861	91.304	368	28	2	507	874	1	364	2.53e-141	499
93ID40_00732178_00732178.ab1	ASV000798	91.304	368	28	3	507	874	1	364	2.53e-141	499
93ID40_00732178_00732178.ab1	ASV000751	91.304	368	28	2	507	874	1	364	2.53e-141	499
93ID40_00732178_00732178.ab1	ASV013766	90.860	372	33	1	507	878	1	371	9.09e-141	497
93ID40_00732178_00732178.ab1	ASV008625	91.081	370	29	3	507	874	1	368	9.09e-141	497
93ID40_00732178_00732178.ab1	ASV005749	90.860	372	33	1	507	878	1	371	9.09e-141	497
93ID40_00732178_00732178.ab1	ASV004554	91.081	370	29	4	507	874	1	368	9.09e-141	497
93ID40_00732178_00732178.ab1	ASV003281	91.057	369	31	2	507	874	1	368	9.09e-141	497
93ID40_00732178_00732178.ab1	ASV001899	91.057	369	31	2	507	875	1	367	9.09e-141	497
93ID40_00732178_00732178.ab1	ASV001550	90.860	372	33	1	507	878	1	371	9.09e-141	497
93ID40_00732178_00732178.ab1	ASV001451	91.057	369	31	1	507	875	1	367	9.09e-141	497
93ID40_00732178_00732178.ab1	ASV015982	91.033	368	31	2	511	878	6	371	3.27e-140	496
93ID40_00732178_00732178.ab1	ASV003725	91.033	368	31	1	507	874	1	366	3.27e-140	496
93ID40_00732178_00732178.ab1	ASV002292	91.057	369	29	2	507	875	1	365	3.27e-140	496
93ID40_00732178_00732178.ab1	ASV001565	90.860	372	30	2	507	878	1	368	3.27e-140	496
93ID40_00732178_00732178.ab1	ASV001087	91.033	368	32	1	507	874	1	367	3.27e-140	496
93ID40_00732178_00732178.ab1	ASV006642	91.033	368	29	3	507	874	1	364	1.18e-139	494
93ID40_00732178_00732178.ab1	ASV003969	91.057	369	28	3	507	875	1	364	1.18e-139	494
93ID40_00732178_00732178.ab1	ASV001174	91.033	368	29	3	507	874	1	364	1.18e-139	494
93ID40_00732178_00732178.ab1	ASV012348	90.617	373	32	3	507	878	1	371	4.23e-139	492
93ID40_00732178_00732178.ab1	ASV012280	90.786	369	32	1	507	875	1	367	4.23e-139	492
93ID40_00732178_00732178.ab1	ASV004596	90.617	373	32	3	507	878	1	371	4.23e-139	492
93ID40_00732178_00732178.ab1	ASV003212	90.591	372	34	1	507	878	1	371	4.23e-139	492
93ID40_00732178_00732178.ab1	ASV003053	90.591	372	34	1	507	878	1	371	4.23e-139	492
93ID40_00732178_00732178.ab1	ASV002167	90.617	373	32	3	507	878	1	371	4.23e-139	492
93ID40_00732178_00732178.ab1	ASV000970	90.786	369	32	1	507	875	1	367	4.23e-139	492
93ID40_00732178_00732178.ab1	ASV008850	90.959	365	31	2	515	878	9	372	1.52e-138	490
93ID40_00732178_00732178.ab1	ASV008489	90.959	365	32	1	511	875	6	369	1.52e-138	490
93ID40_00732178_00732178.ab1	ASV005123	90.761	368	33	1	511	878	6	372	1.52e-138	490
93ID40_00732178_00732178.ab1	ASV004693	90.786	369	30	3	507	875	1	365	1.52e-138	490
93ID40_00732178_00732178.ab1	ASV001136	90.591	372	32	2	507	878	1	369	1.52e-138	490
93ID40_00732178_00732178.ab1	ASV000417	90.761	368	32	1	507	874	1	366	1.52e-138	490
93ID40_00732178_00732178.ab1	ASV017498	90.323	372	36	0	507	878	1	372	5.47e-138	488
93ID40_00732178_00732178.ab1	ASV014157	90.959	365	30	2	511	875	6	367	5.47e-138	488
93ID40_00732178_00732178.ab1	ASV012786	91.341	358	29	1	518	875	12	367	5.47e-138	488
93ID40_00732178_00732178.ab1	ASV010652	90.786	369	29	3	511	878	6	370	5.47e-138	488
93ID40_00732178_00732178.ab1	ASV010378	90.959	365	30	3	511	874	6	368	5.47e-138	488
93ID40_00732178_00732178.ab1	ASV010354	90.786	369	29	3	511	878	6	370	5.47e-138	488
93ID40_00732178_00732178.ab1	ASV008753	90.323	372	36	0	507	878	1	372	5.47e-138	488
93ID40_00732178_00732178.ab1	ASV003343	90.323	372	36	0	507	878	1	372	5.47e-138	488
93ID40_00732178_00732178.ab1	ASV003340	90.374	374	32	2	507	878	1	372	5.47e-138	488
93ID40_00732178_00732178.ab1	ASV001234	90.761	368	30	2	507	874	1	364	5.47e-138	488
93ID40_00732178_00732178.ab1	ASV010231	90.541	370	32	3	507	875	1	368	1.97e-137	486
93ID40_00732178_00732178.ab1	ASV008141	90.515	369	34	1	507	875	1	368	1.97e-137	486
93ID40_00732178_00732178.ab1	ASV003244	90.541	370	31	3	507	875	1	367	1.97e-137	486
93ID40_00732178_00732178.ab1	ASV002863	90.349	373	33	3	507	878	1	371	1.97e-137	486
93ID40_00732178_00732178.ab1	ASV002428	90.515	369	33	1	507	875	1	367	1.97e-137	486
93ID40_00732178_00732178.ab1	ASV002329	90.515	369	33	2	507	875	1	367	1.97e-137	486
93ID40_00732178_00732178.ab1	ASV001757	90.515	369	33	1	507	875	1	367	1.97e-137	486
93ID40_00732178_00732178.ab1	ASV000746	90.515	369	33	1	507	875	1	367	1.97e-137	486
93ID40_00732178_00732178.ab1	ASV013153	90.934	364	28	4	511	874	6	364	7.08e-137	484
93ID40_00732178_00732178.ab1	ASV008067	90.685	365	32	2	511	875	6	368	7.08e-137	484
93ID40_00732178_00732178.ab1	ASV005860	90.489	368	33	2	511	878	6	371	7.08e-137	484
93ID40_00732178_00732178.ab1	ASV004803	90.489	368	34	1	511	878	6	372	7.08e-137	484
93ID40_00732178_00732178.ab1	ASV003968	90.323	372	32	3	507	878	1	368	7.08e-137	484
93ID40_00732178_00732178.ab1	ASV003887	90.296	371	35	1	507	877	1	370	7.08e-137	484
93ID40_00732178_00732178.ab1	ASV013209	90.489	368	32	3	507	874	1	365	2.55e-136	483
93ID40_00732178_00732178.ab1	ASV011524	90.054	372	37	0	507	878	1	372	2.55e-136	483
93ID40_00732178_00732178.ab1	ASV008239	90.054	372	37	0	507	878	1	372	2.55e-136	483
93ID40_00732178_00732178.ab1	ASV008071	90.685	365	31	3	511	874	6	368	2.55e-136	483
93ID40_00732178_00732178.ab1	ASV006111	90.489	368	31	3	507	874	1	364	2.55e-136	483
93ID40_00732178_00732178.ab1	ASV006080	90.489	368	31	3	507	874	1	364	2.55e-136	483
93ID40_00732178_00732178.ab1	ASV005549	90.685	365	31	3	511	875	6	367	2.55e-136	483
93ID40_00732178_00732178.ab1	ASV002525	90.244	369	36	0	507	875	1	369	2.55e-136	483
93ID40_00732178_00732178.ab1	ASV001967	90.270	370	34	2	507	875	1	369	2.55e-136	483
93ID40_00732178_00732178.ab1	ASV001703	90.489	368	32	3	507	874	1	365	2.55e-136	483
93ID40_00732178_00732178.ab1	ASV001153	90.489	368	31	1	507	874	1	364	2.55e-136	483
93ID40_00732178_00732178.ab1	ASV000963	90.270	370	34	2	507	875	1	369	2.55e-136	483
93ID40_00732178_00732178.ab1	ASV000544	90.296	371	32	3	507	875	1	369	2.55e-136	483
93ID40_00732178_00732178.ab1	ASV017036	90.270	370	32	4	510	878	5	371	9.16e-136	481
93ID40_00732178_00732178.ab1	ASV016570	90.217	368	36	0	507	874	1	368	9.16e-136	481
93ID40_00732178_00732178.ab1	ASV012697	90.489	368	30	5	511	878	6	368	9.16e-136	481
93ID40_00732178_00732178.ab1	ASV011999	91.061	358	28	4	518	875	12	365	9.16e-136	481
93ID40_00732178_00732178.ab1	ASV001531	90.244	369	34	1	507	875	1	367	9.16e-136	481
93ID40_00732178_00732178.ab1	ASV000875	90.244	369	34	1	507	875	1	367	9.16e-136	481
93ID40_00732178_00732178.ab1	ASV000745	90.244	369	35	1	507	874	1	369	9.16e-136	481
93ID40_00732178_00732178.ab1	ASV000337	90.244	369	34	1	507	875	1	367	9.16e-136	481
93ID40_00732178_00732178.ab1	ASV012322	90.659	364	29	3	511	874	6	364	3.29e-135	479
93ID40_00732178_00732178.ab1	ASV011045	90.411	365	34	1	511	875	6	369	3.29e-135	479
93ID40_00732178_00732178.ab1	ASV006777	90.411	365	34	1	511	875	6	369	3.29e-135	479
93ID40_00732178_00732178.ab1	ASV005685	90.217	368	35	1	511	878	6	372	3.29e-135	479
93ID40_00732178_00732178.ab1	ASV004540	90.217	368	35	1	511	878	6	372	3.29e-135	479
93ID40_00732178_00732178.ab1	ASV002986	90.323	372	27	7	511	878	6	372	3.29e-135	479
93ID40_00732178_00732178.ab1	ASV002595	90.244	369	33	3	507	874	1	367	3.29e-135	479
93ID40_00732178_00732178.ab1	ASV001980	90.217	368	34	1	507	874	1	366	3.29e-135	479
93ID40_00732178_00732178.ab1	ASV012516	90.411	365	32	2	511	875	6	367	1.18e-134	477
93ID40_00732178_00732178.ab1	ASV012218	90.217	368	33	2	511	878	6	370	1.18e-134	477
93ID40_00732178_00732178.ab1	ASV011690	90.385	364	34	1	511	874	6	368	1.18e-134	477
93ID40_00732178_00732178.ab1	ASV011002	90.244	369	31	3	510	878	5	368	1.18e-134	477
93ID40_00732178_00732178.ab1	ASV006035	90.217	368	32	2	507	874	1	364	1.18e-134	477
93ID40_00732178_00732178.ab1	ASV003353	90.217	368	32	2	507	874	1	364	1.18e-134	477
93ID40_00732178_00732178.ab1	ASV002774	90.027	371	33	3	507	875	1	369	1.18e-134	477
93ID40_00732178_00732178.ab1	ASV016959	90.027	371	32	5	510	878	5	372	4.26e-134	475
93ID40_00732178_00732178.ab1	ASV014956	90.411	365	30	4	511	875	6	365	4.26e-134	475
93ID40_00732178_00732178.ab1	ASV014921	90.385	364	32	3	511	874	6	366	4.26e-134	475
93ID40_00732178_00732178.ab1	ASV013660	90.217	368	31	3	511	878	6	368	4.26e-134	475
93ID40_00732178_00732178.ab1	ASV008844	90.164	366	35	1	510	875	5	369	4.26e-134	475
93ID40_00732178_00732178.ab1	ASV007488	90.217	368	31	3	511	878	6	368	4.26e-134	475
93ID40_00732178_00732178.ab1	ASV007454	90.217	368	30	5	507	873	1	363	4.26e-134	475
93ID40_00732178_00732178.ab1	ASV006098	90.411	365	30	4	511	875	6	365	4.26e-134	475
93ID40_00732178_00732178.ab1	ASV001774	90.000	370	33	3	507	875	1	367	4.26e-134	475
93ID40_00732178_00732178.ab1	ASV001525	90.000	370	33	4	507	875	1	367	4.26e-134	475
93ID40_00732178_00732178.ab1	ASV001230	90.080	373	28	5	507	874	1	369	4.26e-134	475
93ID40_00732178_00732178.ab1	ASV000944	90.027	371	32	4	507	875	1	368	4.26e-134	475
93ID40_00732178_00732178.ab1	ASV000648	90.582	361	30	4	507	866	1	358	4.26e-134	475
93ID40_00732178_00732178.ab1	ASV016506	90.137	365	35	1	510	874	5	368	1.53e-133	473
93ID40_00732178_00732178.ab1	ASV009745	90.137	365	35	1	511	875	6	369	1.53e-133	473
93ID40_00732178_00732178.ab1	ASV008686	90.000	370	31	5	507	875	1	365	1.53e-133	473
93ID40_00732178_00732178.ab1	ASV016559	90.110	364	35	1	511	874	6	368	5.51e-133	472
93ID40_00732178_00732178.ab1	ASV013700	90.110	364	35	1	511	874	6	368	5.51e-133	472
93ID40_00732178_00732178.ab1	ASV009722	90.137	365	33	2	511	875	6	367	5.51e-133	472
93ID40_00732178_00732178.ab1	ASV006635	90.137	365	33	3	511	875	6	367	5.51e-133	472
93ID40_00732178_00732178.ab1	ASV017060	90.110	364	31	2	511	874	6	364	7.13e-132	468
93ID40_00732178_00732178.ab1	ASV009616	90.223	358	35	0	518	875	12	369	7.13e-132	468
93ID40_00732178_00732178.ab1	ASV007214	90.223	358	33	1	507	864	1	356	2.56e-131	466
93ID40_00732178_00732178.ab1	ASV017899	90.251	359	29	5	518	875	12	365	9.22e-131	464
93ID40_00732178_00732178.ab1	ASV009719	95.105	286	14	0	507	792	1	286	7.18e-127	451
93ID40_00732178_00732178.ab1	ASV005196	94.774	287	15	0	507	793	1	287	9.29e-126	448
93ID40_00732178_00732178.ab1	ASV002410	94.774	287	15	0	507	793	1	287	9.29e-126	448
93ID40_00732178_00732178.ab1	ASV002333	94.774	287	15	0	507	793	1	287	9.29e-126	448
93ID40_00732178_00732178.ab1	ASV002107	94.774	287	15	0	507	793	1	287	9.29e-126	448
93ID40_00732178_00732178.ab1	ASV001857	94.774	287	15	0	507	793	1	287	9.29e-126	448
93ID40_00732178_00732178.ab1	ASV001407	94.774	287	15	0	507	793	1	287	9.29e-126	448
93ID40_00732178_00732178.ab1	ASV001227	94.774	287	15	0	507	793	1	287	9.29e-126	448
93ID40_00732178_00732178.ab1	ASV009633	94.755	286	15	0	507	792	1	286	3.34e-125	446
93ID40_00732178_00732178.ab1	ASV008317	94.755	286	15	0	507	792	1	286	3.34e-125	446
93ID40_00732178_00732178.ab1	ASV007456	94.755	286	15	0	507	792	1	286	3.34e-125	446
93ID40_00732178_00732178.ab1	ASV003875	94.755	286	15	0	507	792	1	286	3.34e-125	446
93ID40_00732178_00732178.ab1	ASV003585	94.755	286	15	0	507	792	1	286	3.34e-125	446
93ID40_00732178_00732178.ab1	ASV003319	94.755	286	15	0	507	792	1	286	3.34e-125	446
93ID40_00732178_00732178.ab1	ASV002174	94.755	286	15	0	507	792	1	286	3.34e-125	446
93ID40_00732178_00732178.ab1	ASV001737	94.755	286	15	0	507	792	1	286	3.34e-125	446
93ID40_00732178_00732178.ab1	ASV001688	94.755	286	15	0	507	792	1	286	3.34e-125	446
93ID40_00732178_00732178.ab1	ASV001171	94.755	286	15	0	507	792	1	286	3.34e-125	446
93ID40_00732178_00732178.ab1	ASV001058	94.755	286	15	0	507	792	1	286	3.34e-125	446
93ID40_00732178_00732178.ab1	ASV000868	94.755	286	15	0	507	792	1	286	3.34e-125	446
93ID40_00732178_00732178.ab1	ASV000096	94.755	286	15	0	507	792	1	286	3.34e-125	446
93ID40_00732178_00732178.ab1	ASV009760	94.425	287	16	0	506	792	368	82	4.32e-124	442
93ID40_00732178_00732178.ab1	ASV008811	94.425	287	16	0	507	793	1	287	4.32e-124	442
93ID40_00732178_00732178.ab1	ASV002692	93.311	299	20	0	507	805	1	299	4.32e-124	442
93ID40_00732178_00732178.ab1	ASV001884	94.425	287	16	0	507	793	1	287	4.32e-124	442
93ID40_00732178_00732178.ab1	ASV001883	94.425	287	16	0	507	793	1	287	4.32e-124	442
93ID40_00732178_00732178.ab1	ASV001495	94.425	287	16	0	507	793	1	287	4.32e-124	442
93ID40_00732178_00732178.ab1	ASV013665	94.406	286	16	0	507	792	1	286	1.55e-123	440
93ID40_00732178_00732178.ab1	ASV003699	94.406	286	16	0	507	792	1	286	1.55e-123	440
93ID40_00732178_00732178.ab1	ASV003349	94.406	286	16	0	507	792	1	286	1.55e-123	440
93ID40_00732178_00732178.ab1	ASV003199	94.700	283	15	0	507	789	1	283	1.55e-123	440
93ID40_00732178_00732178.ab1	ASV002105	94.406	286	16	0	507	792	1	286	1.55e-123	440
93ID40_00732178_00732178.ab1	ASV002041	94.406	286	16	0	507	792	1	286	1.55e-123	440
93ID40_00732178_00732178.ab1	ASV000616	94.406	286	16	0	507	792	1	286	1.55e-123	440
93ID40_00732178_00732178.ab1	ASV000383	94.406	286	16	0	507	792	1	286	1.55e-123	440
93ID40_00732178_00732178.ab1	ASV006613	94.077	287	17	0	507	793	1	287	2.01e-122	436
93ID40_00732178_00732178.ab1	ASV005286	93.197	294	20	0	507	800	1	294	2.60e-121	433
93ID40_00732178_00732178.ab1	ASV004664	93.728	287	18	0	507	793	1	287	9.35e-121	431
93ID40_00732178_00732178.ab1	ASV016142	93.357	286	19	0	507	792	1	286	1.57e-118	424
93ID40_00732178_00732178.ab1	ASV007438	93.357	286	19	0	507	792	1	286	1.57e-118	424
93ID40_00732178_00732178.ab1	ASV015695	93.031	287	20	0	507	793	1	287	2.02e-117	420
93ID40_00732178_00732178.ab1	ASV016464	92.708	288	21	0	518	805	12	299	2.62e-116	416
93ID40_00732178_00732178.ab1	ASV016107	93.286	283	18	1	511	793	6	287	2.62e-116	416
93ID40_00732178_00732178.ab1	ASV015986	93.262	282	18	1	511	792	6	286	9.42e-116	414
93ID40_00732178_00732178.ab1	ASV010943	92.958	284	19	1	510	793	5	287	3.39e-115	412
93ID40_00732178_00732178.ab1	ASV013332	92.933	283	19	1	510	792	5	286	1.22e-114	411
93ID40_00732178_00732178.ab1	ASV010618	92.933	283	19	1	511	793	6	287	1.22e-114	411
93ID40_00732178_00732178.ab1	ASV008596	92.933	283	19	1	511	793	6	287	1.22e-114	411
93ID40_00732178_00732178.ab1	ASV017141	92.908	282	19	1	511	792	6	286	4.38e-114	409
93ID40_00732178_00732178.ab1	ASV010654	92.908	282	19	1	511	792	6	286	4.38e-114	409
93ID40_00732178_00732178.ab1	ASV010298	92.908	282	19	1	511	792	6	286	4.38e-114	409
93ID40_00732178_00732178.ab1	ASV007180	92.908	282	19	1	511	792	6	286	4.38e-114	409
93ID40_00732178_00732178.ab1	ASV013630	92.606	284	20	1	510	793	5	287	1.58e-113	407
93ID40_00732178_00732178.ab1	ASV017890	92.580	283	20	1	511	793	6	287	5.67e-113	405
93ID40_00732178_00732178.ab1	ASV017435	92.580	283	20	1	511	793	6	287	5.67e-113	405
93ID40_00732178_00732178.ab1	ASV017389	92.580	283	20	1	511	793	6	287	5.67e-113	405
93ID40_00732178_00732178.ab1	ASV007252	92.580	283	20	1	511	793	6	287	5.67e-113	405
93ID40_00732178_00732178.ab1	ASV014909	92.553	282	20	1	511	792	6	286	2.04e-112	403
93ID40_00732178_00732178.ab1	ASV013520	92.553	282	20	1	511	792	6	286	2.04e-112	403
93ID40_00732178_00732178.ab1	ASV012608	92.553	282	20	1	511	792	6	286	2.04e-112	403
93ID40_00732178_00732178.ab1	ASV012237	92.553	282	20	1	511	792	6	286	2.04e-112	403
93ID40_00732178_00732178.ab1	ASV011519	92.553	282	20	1	511	792	6	286	2.04e-112	403
93ID40_00732178_00732178.ab1	ASV010208	92.553	282	20	1	511	792	6	286	2.04e-112	403
93ID40_00732178_00732178.ab1	ASV009273	92.553	282	20	1	511	792	6	286	2.04e-112	403
93ID40_00732178_00732178.ab1	ASV008849	92.553	282	20	1	511	792	6	286	2.04e-112	403
93ID40_00732178_00732178.ab1	ASV008200	92.553	282	20	1	511	792	6	286	2.04e-112	403
93ID40_00732178_00732178.ab1	ASV007996	92.553	282	20	1	511	792	6	286	2.04e-112	403
93ID40_00732178_00732178.ab1	ASV006678	93.116	276	17	2	518	792	12	286	2.04e-112	403
93ID40_00732178_00732178.ab1	ASV004130	91.986	287	23	0	507	793	1	287	2.04e-112	403
93ID40_00732178_00732178.ab1	ASV002637	91.986	287	23	0	507	793	1	287	2.04e-112	403
93ID40_00732178_00732178.ab1	ASV016829	91.958	286	23	0	507	792	1	286	7.33e-112	401
93ID40_00732178_00732178.ab1	ASV003857	91.958	286	23	0	507	792	1	286	7.33e-112	401
93ID40_00732178_00732178.ab1	ASV012723	92.226	283	21	1	511	793	6	287	2.64e-111	399
93ID40_00732178_00732178.ab1	ASV007177	92.226	283	21	1	511	793	6	287	2.64e-111	399
93ID40_00732178_00732178.ab1	ASV011645	92.199	282	21	1	511	792	6	286	9.49e-111	398
93ID40_00732178_00732178.ab1	ASV009354	91.638	287	24	0	507	793	1	287	9.49e-111	398
93ID40_00732178_00732178.ab1	ASV002478	90.635	299	28	0	507	805	1	299	9.49e-111	398
93ID40_00732178_00732178.ab1	ASV014075	91.608	286	24	0	507	792	1	286	3.41e-110	396
93ID40_00732178_00732178.ab1	ASV008288	91.608	286	24	0	507	792	1	286	3.41e-110	396
93ID40_00732178_00732178.ab1	ASV005210	91.608	286	24	0	507	792	1	286	3.41e-110	396
93ID40_00732178_00732178.ab1	ASV004132	91.608	286	24	0	507	792	1	286	3.41e-110	396
93ID40_00732178_00732178.ab1	ASV003601	91.608	286	24	0	507	792	1	286	3.41e-110	396
93ID40_00732178_00732178.ab1	ASV012216	91.873	283	22	1	511	793	6	287	1.23e-109	394
93ID40_00732178_00732178.ab1	ASV008777	96.624	237	8	0	642	878	136	372	1.23e-109	394
93ID40_00732178_00732178.ab1	ASV016280	91.873	283	20	3	511	792	6	286	4.41e-109	392
93ID40_00732178_00732178.ab1	ASV012913	91.873	283	20	3	511	792	6	286	4.41e-109	392
93ID40_00732178_00732178.ab1	ASV011861	91.844	282	22	1	511	792	6	286	4.41e-109	392
93ID40_00732178_00732178.ab1	ASV011651	91.259	286	25	0	507	792	1	286	1.59e-108	390
93ID40_00732178_00732178.ab1	ASV013498	91.519	283	21	3	511	792	6	286	2.05e-107	387
93ID40_00732178_00732178.ab1	ASV012827	91.489	282	23	1	511	792	6	286	2.05e-107	387
93ID40_00732178_00732178.ab1	ASV008382	91.519	283	21	3	511	792	6	286	2.05e-107	387
93ID40_00732178_00732178.ab1	ASV010198	91.135	282	24	1	511	792	6	286	9.55e-106	381
93ID40_00732178_00732178.ab1	ASV016906	90.625	288	23	4	507	792	1	286	3.44e-105	379
93ID40_00732178_00732178.ab1	ASV017281	91.304	276	24	0	518	793	12	287	1.24e-104	377
93ID40_00732178_00732178.ab1	ASV012247	90.780	282	25	1	511	792	6	286	4.44e-104	375
93ID40_00732178_00732178.ab1	ASV008343	90.526	285	22	3	510	792	5	286	5.75e-103	372
93ID40_00732178_00732178.ab1	ASV014289	90.426	282	26	1	511	792	6	286	2.07e-102	370
93ID40_00732178_00732178.ab1	ASV008078	93.902	246	13	2	634	878	128	372	2.07e-102	370
93ID40_00732178_00732178.ab1	ASV002059	94.538	238	11	2	642	878	136	372	2.68e-101	366
93ID40_00732178_00732178.ab1	ASV012928	92.278	259	16	4	622	878	116	372	9.62e-101	364
93ID40_00732178_00732178.ab1	ASV011989	90.182	275	27	0	518	792	12	286	4.48e-99	359
93ID40_00732178_00732178.ab1	ASV005833	91.506	259	18	4	622	878	116	372	2.08e-97	353
93ID40_00732178_00732178.ab1	ASV002737	91.085	258	23	0	621	878	116	373	2.69e-96	350
93ID40_00732178_00732178.ab1	ASV004851	91.154	260	17	5	622	878	116	372	9.69e-96	348
93ID40_00732178_00732178.ab1	ASV003730	90.222	225	22	0	654	878	148	372	1.28e-79	294
93ID40_00732178_00732178.ab1	ASV013410	90.062	161	14	2	634	793	128	287	1.72e-53	207
93ID40_00732178_00732178.ab1	ASV010440	91.447	152	11	2	642	792	136	286	1.72e-53	207
